0.000000e+00 -1.000000e+00 0.000000e+00 0.000000e+00 0.000000e+00 0.000000e+00 -1.000000e+00 0.000000e+00 1.000000e+00 0.000000e+00 0.000000e+00 0.000000e+00
-1.342606e-03 -9.999990e-01 -5.080025e-04 1.435740e-03 -1.866789e-04 5.082536e-04 -9.999999e-01 -5.131761e-04 9.999991e-01 -1.342511e-03 -1.873611e-04 6.367727e-04
-2.602636e-03 -9.999965e-01 -4.934036e-04 -1.177329e-04 8.534076e-06 4.933831e-04 -9.999999e-01 -4.236331e-03 9.999966e-01 -2.602640e-03 7.249950e-06 -6.567114e-03
-4.208766e-03 -9.999911e-01 -1.401058e-04 -2.868778e-03 5.775570e-04 1.376762e-04 -9.999998e-01 -4.753014e-03 9.999910e-01 -4.208846e-03 5.769724e-04 -6.368369e-03
-6.763299e-03 -9.999771e-01 -4.118415e-04 3.911271e-03 5.955584e-05 4.114481e-04 -9.999999e-01 -1.534502e-03 9.999771e-01 -6.763323e-03 5.677172e-05 -2.984295e-03
-7.893565e-03 -9.999688e-01 -1.531651e-04 -3.488475e-03 4.958821e-04 1.492555e-04 -9.999999e-01 -3.661816e-03 9.999687e-01 -7.893641e-03 4.946885e-04 -2.290331e-03
-9.397764e-03 -9.999555e-01 -7.652511e-04 6.468826e-04 3.660278e-04 7.618448e-04 -9.999996e-01 -4.391191e-03 9.999558e-01 -9.398040e-03 3.588519e-04 -5.460431e-03
-9.350780e-03 -9.999563e-01 9.470716e-06 -2.758882e-03 1.241372e-03 -2.107943e-05 -9.999992e-01 -1.987710e-03 9.999555e-01 -9.350761e-03 1.241515e-03 -3.064467e-03
-6.694328e-03 -9.999774e-01 -5.542451e-04 -4.587721e-03 -6.359704e-04 5.585149e-04 -9.999996e-01 -3.678923e-03 9.999774e-01 -6.693973e-03 -6.396949e-04 1.433916e-03
-3.997653e-03 -9.999914e-01 -1.161378e-03 -1.168385e-02 3.194732e-04 1.160110e-03 -9.999993e-01 -8.688521e-03 9.999920e-01 -3.998021e-03 3.148327e-04 -4.356297e-03
-3.103356e-03 -9.999949e-01 -7.098753e-04 -8.278963e-03 8.169719e-04 7.073431e-04 -9.999994e-01 -7.610328e-03 9.999949e-01 -3.103934e-03 8.147727e-04 -4.347803e-03
-2.691491e-03 -9.999963e-01 3.312244e-04 -6.982357e-03 1.999150e-04 -3.317637e-04 -9.999999e-01 -5.896784e-03 9.999964e-01 -2.691424e-03 2.008072e-04 5.692868e-04
-4.905467e-03 -9.999880e-01 -2.636709e-04 -8.108268e-03 -1.050089e-03 2.688252e-04 -9.999994e-01 -6.688981e-03 9.999874e-01 -4.905187e-03 -1.051395e-03 4.431478e-04
-5.896856e-03 -9.999826e-01 -1.661826e-04 -1.758533e-03 -8.258576e-04 1.710554e-04 -9.999996e-01 -6.533374e-03 9.999823e-01 -5.896716e-03 -8.268519e-04 -4.245888e-03
-6.923462e-03 -9.999760e-01 2.969444e-04 -4.833073e-03 -4.473673e-04 -2.938541e-04 -9.999999e-01 -6.438934e-03 9.999759e-01 -6.923594e-03 -4.453220e-04 2.129999e-03
-7.219734e-03 -9.999740e-01 -1.232861e-05 -5.845767e-03 -4.927903e-04 1.588684e-05 -9.999999e-01 -5.872021e-03 9.999738e-01 -7.219727e-03 -4.928922e-04 3.360262e-03
-7.823243e-03 -9.999694e-01 4.251941e-05 -3.648868e-03 2.067757e-04 -4.413841e-05 -1.000000e+00 -7.471954e-03 9.999694e-01 -7.823233e-03 2.071147e-04 3.893956e-03
-8.255004e-03 -9.999658e-01 -3.185139e-04 -2.498551e-04 5.880633e-05 3.180393e-04 -9.999999e-01 -6.451084e-03 9.999659e-01 -8.255022e-03 5.617891e-05 -1.831390e-03
-8.070372e-03 -9.999669e-01 -1.039012e-03 -2.688567e-03 -8.210178e-04 1.045672e-03 -9.999991e-01 -1.172042e-02 9.999671e-01 -8.069512e-03 -8.294296e-04 9.740638e-03
-7.487113e-03 -9.999720e-01 1.068857e-04 -4.180872e-03 4.799491e-04 -1.104822e-04 -9.999999e-01 -7.644295e-03 9.999719e-01 -7.487061e-03 4.807628e-04 6.524545e-03
-7.414653e-03 -9.999725e-01 2.891944e-04 -1.372102e-03 1.699529e-03 -3.018037e-04 -9.999985e-01 -7.525086e-03 9.999711e-01 -7.414151e-03 1.701720e-03 4.114155e-03
-7.286278e-03 -9.999735e-01 -4.256223e-05 -4.633936e-04 -3.763906e-04 4.530592e-05 -9.999999e-01 -7.135359e-03 9.999734e-01 -7.286262e-03 -3.767107e-04 1.987046e-03
-8.604195e-03 -9.999622e-01 -1.222875e-03 -1.784884e-03 2.206210e-03 1.203934e-03 -9.999968e-01 -9.313231e-03 9.999605e-01 -8.606866e-03 2.195768e-03 2.438192e-03
-8.374384e-03 -9.999648e-01 -5.897624e-04 -5.106869e-03 -6.262327e-04 5.950275e-04 -9.999996e-01 -1.145119e-02 9.999647e-01 -8.374011e-03 -6.311936e-04 -2.536708e-03
-9.054496e-03 -9.999588e-01 -6.191385e-04 -8.706391e-04 4.240396e-04 6.153242e-04 -9.999997e-01 -1.067056e-02 9.999589e-01 -9.054756e-03 4.184506e-04 1.593180e-03
-9.370112e-03 -9.999560e-01 -4.853616e-04 -2.025123e-03 2.473175e-04 4.830654e-04 -9.999999e-01 -1.071093e-02 9.999561e-01 -9.370230e-03 2.427803e-04 -6.301988e-03
-9.249356e-03 -9.999571e-01 -5.316283e-04 -3.324531e-03 3.166175e-04 5.287223e-04 -9.999998e-01 -9.666764e-03 9.999571e-01 -9.249522e-03 3.117136e-04 -4.223153e-03
-9.284171e-03 -9.999569e-01 1.433417e-04 -1.693418e-03 1.331092e-04 -1.445837e-04 -1.000000e+00 -6.668983e-03 9.999569e-01 -9.284152e-03 1.344458e-04 5.626658e-03
-1.012280e-02 -9.999486e-01 -4.795437e-04 5.247763e-04 -8.974238e-04 4.886530e-04 -9.999995e-01 -5.332501e-03 9.999484e-01 -1.012236e-02 -9.023243e-04 3.204922e-03
-1.234945e-02 -9.999237e-01 -3.152322e-04 -6.030797e-03 1.283684e-03 2.994020e-04 -9.999991e-01 -4.526464e-03 9.999229e-01 -1.234984e-02 1.279888e-03 -1.052250e-02
-1.552200e-02 -9.998783e-01 1.516418e-03 -3.102891e-03 3.220683e-04 -1.521601e-03 -9.999988e-01 3.766041e-04 9.998795e-01 -1.552149e-02 3.456474e-04 -5.591692e-03
-1.736584e-02 -9.998492e-01 -1.849332e-04 -1.148177e-03 -5.854394e-04 1.951293e-04 -9.999998e-01 -6.689802e-03 9.998490e-01 -1.736573e-02 -5.887397e-04 -3.279999e-03
-2.010341e-02 -9.997978e-01 3.957652e-04 2.046281e-03 3.230667e-04 -4.023412e-04 -9.999999e-01 -3.915271e-03 9.997979e-01 -2.010328e-02 3.310898e-04 1.257774e-03
-2.270764e-02 -9.997422e-01 8.274988e-05 3.233513e-03 5.932416e-04 -9.624581e-05 -9.999998e-01 -5.523423e-03 9.997420e-01 -2.270759e-02 5.952741e-04 -9.140503e-04
-2.368145e-02 -9.997194e-01 -5.445748e-04 8.458526e-04 -5.356750e-04 5.574166e-04 -9.999997e-01 -9.949971e-03 9.997194e-01 -2.368115e-02 -5.487251e-04 4.082405e-03
-2.467473e-02 -9.996955e-01 -2.821443e-04 1.524143e-03 -6.470293e-04 2.982003e-04 -9.999998e-01 -1.083643e-02 9.996953e-01 -2.467454e-02 -6.541903e-04 9.582055e-03
-2.445947e-02 -9.997008e-01 -3.020701e-05 3.610617e-03 -6.518249e-04 4.616411e-05 -9.999998e-01 -1.152994e-02 9.997006e-01 -2.445945e-02 -6.527590e-04 6.715176e-03
-2.394159e-02 -9.997129e-01 -8.887681e-04 1.974712e-03 3.706729e-04 8.801458e-04 -9.999995e-01 -1.429818e-02 9.997133e-01 -2.394190e-02 3.494944e-04 1.926857e-02
-2.185762e-02 -9.997609e-01 5.637709e-04 -9.649644e-04 -9.774257e-05 -5.617687e-04 -9.999998e-01 -1.033287e-02 9.997611e-01 -2.185767e-02 -8.544027e-05 7.783158e-03
-2.120472e-02 -9.997749e-01 -6.303775e-04 1.935014e-03 -1.661396e-04 6.340430e-04 -9.999998e-01 -1.524373e-02 9.997751e-01 -2.120461e-02 -1.795470e-04 1.397412e-02
-2.018639e-02 -9.997962e-01 -1.147739e-04 8.956398e-04 -7.412626e-04 1.297637e-04 -9.999997e-01 -1.241088e-02 9.997960e-01 -2.018629e-02 -7.437310e-04 -4.850068e-04
-1.917620e-02 -9.998161e-01 -9.381250e-05 6.091296e-04 -6.558495e-04 1.064087e-04 -9.999998e-01 -9.357796e-03 9.998159e-01 -1.917614e-02 -6.577694e-04 1.624107e-02
-1.961838e-02 -9.998074e-01 -5.316988e-04 1.297090e-02 -7.595255e-05 5.332915e-04 -9.999999e-01 -1.522306e-02 9.998075e-01 -1.961833e-02 -8.640023e-05 1.118424e-02
-1.937211e-02 -9.998124e-01 4.096288e-05 1.216312e-02 -9.091422e-05 -3.920904e-05 -1.000000e+00 -1.234687e-02 9.998124e-01 -1.937211e-02 -9.013760e-05 1.296701e-03
-1.660809e-02 -9.998618e-01 -7.195442e-04 6.738069e-03 9.146924e-05 7.181241e-04 -9.999998e-01 -1.176695e-02 9.998621e-01 -1.660816e-02 7.952992e-05 -3.117793e-03
-1.380562e-02 -9.999046e-01 -3.729854e-04 6.287175e-04 -5.001366e-04 3.799263e-04 -9.999998e-01 -1.181415e-02 9.999046e-01 -1.380544e-02 -5.053341e-04 1.038268e-02
-1.006202e-02 -9.999493e-01 -3.642725e-04 5.153961e-03 1.520104e-03 3.489945e-04 -9.999988e-01 -1.580425e-02 9.999482e-01 -1.006256e-02 1.516515e-03 4.767153e-03
-6.607260e-03 -9.999782e-01 -1.490918e-04 6.521914e-03 2.836197e-04 1.472211e-04 -9.999999e-01 -1.156778e-02 9.999781e-01 -6.607302e-03 2.826407e-04 2.567417e-03
-3.240013e-03 -9.999946e-01 -4.419626e-04 5.034643e-03 -6.676577e-05 4.421813e-04 -9.999999e-01 -1.223977e-02 9.999948e-01 -3.239983e-03 -6.819809e-05 1.076203e-04
9.841151e-04 -9.999995e-01 -3.753729e-04 -1.608458e-03 -6.351316e-04 3.747480e-04 -9.999997e-01 -1.235867e-02 9.999993e-01 9.843531e-04 -6.347625e-04 -9.410872e-04
3.873237e-03 -9.999923e-01 -7.162731e-04 -2.925671e-03 4.859740e-04 7.181606e-04 -9.999996e-01 -1.747226e-02 9.999924e-01 3.872887e-03 4.887518e-04 -1.107705e-02
6.799014e-03 -9.999769e-01 1.229991e-05 -4.053893e-03 2.819154e-04 -1.038340e-05 -9.999999e-01 -9.732312e-03 9.999769e-01 6.799017e-03 2.818383e-04 2.243452e-03
9.901568e-03 -9.999509e-01 -1.673581e-04 -3.276061e-03 6.947638e-04 1.742459e-04 -9.999998e-01 -1.008119e-02 9.999508e-01 9.901450e-03 6.964550e-04 8.232150e-03
1.218047e-02 -9.999256e-01 -6.471768e-04 -5.013225e-03 7.719694e-04 6.566282e-04 -9.999995e-01 -1.021579e-02 9.999255e-01 1.217997e-02 7.799101e-04 7.132187e-03
1.397145e-02 -9.999024e-01 -1.432914e-04 5.293859e-04 -1.351564e-03 1.244201e-04 -9.999991e-01 -1.150338e-02 9.999015e-01 1.397163e-02 -1.349694e-03 5.703841e-03
1.664300e-02 -9.998615e-01 6.641605e-05 2.751250e-03 6.447777e-04 -5.569271e-05 -9.999998e-01 -1.409090e-02 9.998613e-01 1.664304e-02 6.437615e-04 7.595398e-03
1.737160e-02 -9.998490e-01 -3.980906e-04 -1.646401e-03 -2.513808e-04 3.937831e-04 -9.999999e-01 -1.179214e-02 9.998491e-01 1.737170e-02 -2.445022e-04 -6.590958e-04
1.558888e-02 -9.998785e-01 -2.492028e-04 -1.253547e-03 1.013592e-04 2.508133e-04 -9.999999e-01 -1.224084e-02 9.998785e-01 1.558886e-02 1.052567e-04 -1.051920e-02
1.048422e-02 -9.999450e-01 4.768002e-05 4.843507e-03 4.263298e-06 -4.763794e-05 -1.000000e+00 -1.012332e-02 9.999450e-01 1.048422e-02 3.763617e-06 -1.320447e-02
2.891787e-03 -9.999958e-01 -3.366551e-04 4.368418e-03 1.244447e-03 3.402549e-04 -9.999992e-01 -1.425860e-02 9.999951e-01 2.891365e-03 1.245426e-03 -2.644556e-02
-8.275266e-03 -9.999642e-01 -1.770618e-03 1.148942e-02 -3.550065e-05 1.770972e-03 -9.999985e-01 -1.641405e-02 9.999658e-01 -8.275190e-03 -5.015464e-05 -2.951683e-02
-1.908099e-02 -9.998178e-01 -4.413574e-04 2.170068e-02 -1.115224e-03 4.627210e-04 -9.999993e-01 -1.639675e-02 9.998173e-01 -1.908049e-02 -1.123850e-03 -2.534958e-02
-2.971056e-02 -9.995584e-01 -5.090675e-04 2.130583e-02 -1.407537e-03 5.511291e-04 -9.999989e-01 -1.553852e-02 9.995576e-01 -2.970981e-02 -1.423290e-03 -2.749410e-02
-3.902628e-02 -9.992381e-01 5.166237e-04 2.109416e-02 -5.235032e-04 -4.965715e-04 -9.999998e-01 -1.054324e-02 9.992381e-01 -3.902654e-02 -5.037250e-04 -1.279312e-02
-4.431979e-02 -9.990171e-01 -7.718887e-04 1.314565e-02 -3.070344e-04 7.862690e-04 -9.999996e-01 -1.186789e-02 9.990174e-01 -4.431954e-02 -3.415799e-04 4.047184e-03
-3.845887e-02 -9.992595e-01 -1.172632e-03 -2.504992e-04 -2.357280e-04 1.182573e-03 -9.999993e-01 -1.359048e-02 9.992601e-01 -3.845856e-02 -2.810338e-04 2.886054e-02
-2.741348e-02 -9.996230e-01 -1.552332e-03 -2.191149e-02 -9.344047e-04 1.578539e-03 -9.999983e-01 -1.650639e-02 9.996237e-01 -2.741199e-02 -9.773256e-04 5.251038e-02
-1.583945e-02 -9.998745e-01 -1.728590e-04 -3.206040e-02 -2.780593e-04 1.772855e-04 -9.999999e-01 -1.525330e-02 9.998745e-01 -1.583940e-02 -2.808325e-04 5.738546e-02
-7.145000e-03 -9.999741e-01 8.876390e-04 -2.922856e-02 2.997279e-04 -8.898032e-04 -9.999996e-01 -1.408991e-02 9.999744e-01 -7.144731e-03 3.060777e-04 6.342603e-02
8.567313e-04 -9.999996e-01 -2.993528e-04 -1.891268e-02 4.836564e-04 2.997672e-04 -9.999998e-01 -1.267064e-02 9.999995e-01 8.565864e-04 4.839130e-04 7.509030e-02
1.216236e-02 -9.999256e-01 -9.523471e-04 -1.987385e-02 9.149145e-04 9.635455e-04 -9.999991e-01 -1.214322e-02 9.999256e-01 1.216148e-02 9.265654e-04 9.176539e-02
2.136108e-02 -9.997717e-01 -4.522938e-04 -2.185914e-02 -1.346422e-04 4.495203e-04 -9.999999e-01 -8.905134e-03 9.997718e-01 2.136113e-02 -1.250093e-04 1.110130e-01
2.880821e-02 -9.995848e-01 -5.495660e-04 -1.032269e-02 1.666022e-04 5.545957e-04 -9.999998e-01 -1.276795e-02 9.995850e-01 2.880812e-02 1.825100e-04 1.373589e-01
3.605903e-02 -9.993497e-01 -6.540670e-05 -7.404607e-03 1.119952e-03 1.058599e-04 -9.999993e-01 -4.997004e-03 9.993491e-01 3.605893e-02 1.123041e-03 1.648004e-01
4.004565e-02 -9.991976e-01 -7.310073e-04 -3.816592e-03 -2.930696e-04 7.198485e-04 -9.999997e-01 -1.413096e-02 9.991978e-01 4.004585e-02 -2.640077e-04 1.681376e-01
4.120984e-02 -9.991505e-01 -2.121824e-04 -2.346944e-03 -6.602579e-04 1.851305e-04 -9.999998e-01 -8.777293e-03 9.991503e-01 4.120997e-02 -6.520678e-04 1.853180e-01
4.052092e-02 -9.991786e-01 -2.267692e-04 -1.566563e-03 1.090985e-03 2.711995e-04 -9.999993e-01 -9.186355e-03 9.991781e-01 4.052065e-02 1.101079e-03 1.874047e-01
3.883622e-02 -9.992452e-01 -9.438750e-04 6.218275e-03 1.427093e-04 9.501341e-04 -9.999995e-01 -1.088567e-02 9.992456e-01 3.883607e-02 1.795012e-04 2.148524e-01
3.681764e-02 -9.993199e-01 -2.034139e-03 1.560598e-02 1.182395e-03 2.079080e-03 -9.999971e-01 -1.465031e-02 9.993213e-01 3.681513e-02 1.258138e-03 2.229284e-01
3.656540e-02 -9.993312e-01 -6.032540e-05 1.203716e-02 5.691815e-04 8.119204e-05 -9.999998e-01 -4.736478e-03 9.993311e-01 3.656536e-02 5.717697e-04 2.489378e-01
3.567434e-02 -9.993634e-01 -2.902551e-04 1.354939e-02 1.016670e-03 3.267320e-04 -9.999994e-01 -1.028859e-02 9.993629e-01 3.567403e-02 1.027679e-03 2.714366e-01
3.351790e-02 -9.994380e-01 3.298414e-04 1.919558e-02 2.001673e-03 -2.628966e-04 -9.999980e-01 -8.480137e-03 9.994361e-01 3.351849e-02 1.991736e-03 2.988933e-01
3.172367e-02 -9.994966e-01 -3.322669e-04 2.494531e-02 5.777887e-04 3.507730e-04 -9.999998e-01 -1.061986e-02 9.994965e-01 3.172347e-02 5.886257e-04 3.249189e-01
2.907374e-02 -9.995767e-01 1.009833e-03 3.161701e-02 1.464794e-03 -9.676543e-04 -9.999985e-01 -6.623914e-03 9.995762e-01 2.907518e-02 1.436041e-03 3.475840e-01
2.488557e-02 -9.996901e-01 -5.750754e-04 4.124874e-02 -6.016452e-04 5.602766e-04 -9.999996e-01 -1.161527e-02 9.996901e-01 2.488591e-02 -5.875160e-04 3.774646e-01
1.886806e-02 -9.998220e-01 5.582561e-05 4.678379e-02 -4.962191e-05 -5.677198e-05 -1.000000e+00 -1.044600e-02 9.998220e-01 1.886806e-02 -5.068426e-05 3.975567e-01
1.572078e-02 -9.998762e-01 -6.596666e-04 4.427662e-02 -1.268206e-03 6.398080e-04 -9.999990e-01 -7.591289e-03 9.998756e-01 1.572160e-02 -1.257991e-03 4.292482e-01
1.141910e-02 -9.999348e-01 -2.379136e-04 3.950929e-02 -1.030748e-03 2.261580e-04 -9.999995e-01 -7.224213e-03 9.999343e-01 1.141934e-02 -1.028098e-03 4.570700e-01
5.684414e-03 -9.999834e-01 -9.655998e-04 4.952003e-02 8.398456e-04 9.703892e-04 -9.999992e-01 -1.392531e-02 9.999835e-01 5.683599e-03 8.453477e-04 4.824621e-01
-1.188916e-03 -9.999985e-01 1.271745e-03 5.393052e-02 5.472905e-04 -1.272397e-03 -9.999990e-01 -4.073351e-03 9.999992e-01 -1.188218e-03 5.488025e-04 5.150907e-01
-5.850508e-03 -9.999829e-01 6.515838e-05 6.664441e-02 7.836442e-04 -6.974427e-05 -9.999997e-01 -6.861097e-03 9.999826e-01 -5.850456e-03 7.840387e-04 5.386750e-01
-1.133669e-02 -9.999356e-01 -4.946098e-04 6.974974e-02 -1.214040e-03 5.084053e-04 -9.999991e-01 2.456716e-03 9.999350e-01 -1.133608e-02 -1.219726e-03 5.809337e-01
-1.637291e-02 -9.998659e-01 -6.184835e-05 6.909277e-02 -1.069263e-03 7.936591e-05 -9.999994e-01 -1.182054e-03 9.998654e-01 -1.637283e-02 -1.070419e-03 6.124815e-01
-2.070846e-02 -9.997832e-01 2.182594e-03 6.564735e-02 1.206516e-04 -2.185561e-03 -9.999976e-01 5.507470e-03 9.997855e-01 -2.070815e-02 1.658851e-04 6.393411e-01
-2.514865e-02 -9.996837e-01 2.328929e-05 8.285888e-02 -2.568082e-04 -1.683623e-05 -9.999999e-01 1.796103e-03 9.996837e-01 -2.514866e-02 -2.563035e-04 6.746866e-01
-2.686692e-02 -9.996387e-01 -7.303186e-04 7.513534e-02 -3.943345e-04 7.411807e-04 -9.999996e-01 -4.452328e-03 9.996389e-01 -2.686663e-02 -4.141053e-04 7.039956e-01
-2.742136e-02 -9.996236e-01 -8.448711e-04 7.574825e-02 -1.175135e-03 8.774243e-04 -9.999989e-01 4.429689e-03 9.996233e-01 -2.742034e-02 -1.198753e-03 7.388945e-01
-2.794628e-02 -9.996089e-01 -9.980029e-04 7.251423e-02 -9.499882e-04 1.024951e-03 -9.999990e-01 1.108735e-03 9.996090e-01 -2.794531e-02 -9.782603e-04 7.825825e-01
-2.842515e-02 -9.995958e-01 -4.721894e-04 7.654051e-02 -1.045690e-03 5.021159e-04 -9.999993e-01 2.337047e-03 9.995954e-01 -2.842464e-02 -1.059540e-03 8.029534e-01
-2.830986e-02 -9.995992e-01 1.018633e-04 6.823398e-02 -8.060705e-05 -9.962124e-05 -1.000000e+00 1.960582e-03 9.995992e-01 -2.830987e-02 -7.775447e-05 8.376445e-01
-2.881076e-02 -9.995849e-01 -1.241069e-04 7.128193e-02 -1.240363e-03 1.599090e-04 -9.999992e-01 3.552049e-03 9.995841e-01 -2.881058e-02 -1.244455e-03 8.724250e-01
-2.868258e-02 -9.995884e-01 5.199237e-04 7.223009e-02 -2.854682e-04 -5.119464e-04 -9.999998e-01 2.976790e-03 9.995885e-01 -2.868273e-02 -2.706668e-04 8.948611e-01
-2.855199e-02 -9.995923e-01 2.848491e-05 7.484225e-02 -1.332867e-03 9.575017e-06 -9.999991e-01 1.075064e-02 9.995914e-01 -2.855200e-02 -1.332597e-03 9.241783e-01
-2.851429e-02 -9.995934e-01 -9.781832e-05 7.540506e-02 -1.370056e-03 1.369401e-04 -9.999990e-01 5.388108e-03 9.995924e-01 -2.851413e-02 -1.373403e-03 9.626236e-01
-2.884790e-02 -9.995837e-01 -4.125084e-04 8.116179e-02 -1.268730e-03 4.492953e-04 -9.999991e-01 3.600390e-03 9.995830e-01 -2.884735e-02 -1.281163e-03 9.875268e-01
-2.934529e-02 -9.995691e-01 -7.530989e-04 7.982808e-02 -1.919565e-03 8.097764e-04 -9.999979e-01 9.688640e-03 9.995675e-01 -2.934378e-02 -1.942501e-03 1.013014e+00
-2.885164e-02 -9.995837e-01 -1.500686e-04 7.767562e-02 -2.662629e-03 2.269838e-04 -9.999964e-01 1.376469e-02 9.995801e-01 -2.885114e-02 -2.668070e-03 1.045424e+00
-2.611524e-02 -9.996589e-01 1.650361e-04 7.996359e-02 -1.712221e-03 -1.203619e-04 -9.999985e-01 1.317256e-02 9.996575e-01 -2.611548e-02 -1.708494e-03 1.088574e+00
-2.347940e-02 -9.997241e-01 -6.035768e-04 7.661670e-02 -1.366306e-03 6.358316e-04 -9.999989e-01 1.865391e-02 9.997234e-01 -2.347855e-02 -1.380858e-03 1.125460e+00
-1.994442e-02 -9.998010e-01 3.275084e-04 7.504208e-02 -1.102046e-03 -3.055893e-04 -9.999993e-01 1.863888e-02 9.998005e-01 -1.994477e-02 -1.095732e-03 1.156436e+00
-1.658040e-02 -9.998624e-01 -4.291281e-04 7.844731e-02 -1.563409e-03 4.551121e-04 -9.999987e-01 1.543005e-02 9.998613e-01 -1.657971e-02 -1.570740e-03 1.200974e+00
-1.379609e-02 -9.999043e-01 -1.003067e-03 7.549550e-02 -2.729073e-03 1.040813e-03 -9.999957e-01 2.369176e-02 9.999011e-01 -1.379330e-02 -2.743171e-03 1.229233e+00
-1.147637e-02 -9.999334e-01 -1.233924e-03 7.110608e-02 -3.163092e-03 1.270302e-03 -9.999942e-01 1.909772e-02 9.999291e-01 -1.147240e-02 -3.177460e-03 1.272600e+00
-9.745331e-03 -9.999512e-01 -1.626038e-03 7.708755e-02 -3.213985e-03 1.657430e-03 -9.999934e-01 1.467326e-02 9.999474e-01 -9.740042e-03 -3.229981e-03 1.311731e+00
-1.222917e-02 -9.999241e-01 -1.491715e-03 9.304222e-02 -4.147100e-03 1.542533e-03 -9.999902e-01 1.320607e-02 9.999166e-01 -1.222286e-02 -4.165649e-03 1.346304e+00
-1.156184e-02 -9.999322e-01 -1.414892e-03 9.254508e-02 -2.208452e-03 1.440518e-03 -9.999965e-01 1.509883e-02 9.999307e-01 -1.155867e-02 -2.224957e-03 1.370911e+00
-1.337982e-02 -9.999097e-01 -1.261704e-03 9.253758e-02 -2.426654e-03 1.294284e-03 -9.999962e-01 1.501535e-02 9.999076e-01 -1.337671e-02 -2.443752e-03 1.395833e+00
-1.402690e-02 -9.998990e-01 -2.266953e-03 8.900853e-02 -1.794925e-04 2.269694e-03 -9.999974e-01 5.915481e-03 9.999016e-01 -1.402645e-02 -2.113111e-04 1.416052e+00
-1.617518e-02 -9.998690e-01 -5.167745e-04 1.006032e-01 -1.329129e-03 5.383433e-04 -9.999990e-01 7.097773e-03 9.998683e-01 -1.617448e-02 -1.337663e-03 1.452303e+00
-1.855843e-02 -9.998273e-01 -9.331527e-04 1.030031e-01 -2.194961e-03 9.740532e-04 -9.999971e-01 1.131595e-02 9.998254e-01 -1.855633e-02 -2.212659e-03 1.495532e+00
-2.213851e-02 -9.997544e-01 -9.737363e-04 1.032398e-01 -1.735139e-03 1.012396e-03 -9.999980e-01 8.427016e-03 9.997534e-01 -2.213678e-02 -1.757126e-03 1.534063e+00
-2.568913e-02 -9.996599e-01 -4.491843e-03 1.161153e-01 -1.774257e-03 4.538913e-03 -9.999881e-01 5.886861e-03 9.996684e-01 -2.568085e-02 -1.890254e-03 1.572572e+00
-3.058067e-02 -9.995318e-01 -9.898618e-04 1.146898e-01 -1.840324e-03 1.046628e-03 -9.999977e-01 1.225058e-02 9.995306e-01 -3.057878e-02 -1.871469e-03 1.617687e+00
-3.568785e-02 -9.993625e-01 -9.738111e-04 1.216437e-01 -1.784049e-03 1.038140e-03 -9.999979e-01 1.522196e-02 9.993614e-01 -3.568603e-02 -1.819960e-03 1.667991e+00
-3.865084e-02 -9.992527e-01 3.125540e-04 1.148307e-01 -1.965227e-03 -2.367727e-04 -9.999980e-01 1.691473e-02 9.992508e-01 -3.865138e-02 -1.954607e-03 1.695638e+00
-4.084103e-02 -9.991622e-01 -2.636614e-03 1.194487e-01 -2.851962e-03 2.755379e-03 -9.999921e-01 8.309307e-03 9.991616e-01 -4.083319e-02 -2.962105e-03 1.757377e+00
-4.285154e-02 -9.990807e-01 1.226767e-03 1.234893e-01 -3.800069e-03 -1.064897e-03 -9.999922e-01 1.801546e-02 9.990742e-01 -4.285587e-02 -3.750943e-03 1.802714e+00
-4.540987e-02 -9.989678e-01 -1.106293e-03 1.255446e-01 -1.357654e-03 1.169149e-03 -9.999984e-01 1.175837e-02 9.989675e-01 -4.540829e-02 -1.409343e-03 1.848586e+00
-4.905117e-02 -9.987949e-01 -1.671511e-03 1.261157e-01 -3.306361e-03 1.835892e-03 -9.999928e-01 2.288324e-02 9.987908e-01 -4.904529e-02 -3.392429e-03 1.888610e+00
-5.244770e-02 -9.986185e-01 -3.209957e-03 1.238981e-01 1.032008e-04 3.208961e-03 -9.999949e-01 2.291509e-02 9.986237e-01 -5.244776e-02 -6.524434e-05 1.923416e+00
-5.615183e-02 -9.984217e-01 1.070301e-03 1.292595e-01 -1.756146e-03 -9.732236e-04 -9.999980e-01 2.805638e-02 9.984207e-01 -5.615360e-02 -1.698726e-03 1.980092e+00
-5.842442e-02 -9.982917e-01 5.107745e-04 1.277641e-01 -1.925795e-03 -3.989416e-04 -9.999981e-01 3.090303e-02 9.982900e-01 -5.842529e-02 -1.899197e-03 2.019606e+00
-6.115998e-02 -9.981270e-01 -1.421272e-03 1.292347e-01 -1.792716e-03 1.533784e-03 -9.999972e-01 3.121863e-02 9.981264e-01 -6.115726e-02 -1.883165e-03 2.068862e+00
-6.147355e-02 -9.981083e-01 8.789767e-04 1.263694e-01 -4.488006e-03 -6.042170e-04 -9.999897e-01 2.610371e-02 9.980986e-01 -6.147686e-02 -4.442373e-03 2.115398e+00
-6.230438e-02 -9.980563e-01 -1.334454e-03 1.251959e-01 -2.434125e-03 1.488999e-03 -9.999959e-01 2.766405e-02 9.980542e-01 -6.230088e-02 -2.522165e-03 2.159185e+00
-6.379737e-02 -9.979627e-01 -5.539925e-04 1.216329e-01 -3.565994e-03 7.830851e-04 -9.999933e-01 3.271067e-02 9.979565e-01 -6.379497e-02 -3.608687e-03 2.199795e+00
-6.442970e-02 -9.979218e-01 9.859203e-04 1.226965e-01 -2.157992e-03 -8.486426e-04 -9.999973e-01 3.577527e-02 9.979199e-01 -6.443165e-02 -2.098829e-03 2.242687e+00
-6.375328e-02 -9.979651e-01 -1.113885e-03 1.167760e-01 -2.151150e-03 1.253575e-03 -9.999969e-01 2.731252e-02 9.979634e-01 -6.375068e-02 -2.226691e-03 2.298473e+00
-6.311549e-02 -9.980035e-01 -2.339823e-03 1.146424e-01 -2.207123e-03 2.484074e-03 -9.999945e-01 2.602770e-02 9.980038e-01 -6.310998e-02 -2.359500e-03 2.340318e+00
-6.151075e-02 -9.981046e-01 -1.931774e-03 1.141334e-01 -2.203837e-03 2.071251e-03 -9.999954e-01 2.690699e-02 9.981040e-01 -6.150622e-02 -2.327064e-03 2.393863e+00
-6.037987e-02 -9.981708e-01 -3.053776e-03 1.074068e-01 -1.676713e-03 3.160778e-03 -9.999936e-01 2.497866e-02 9.981741e-01 -6.037436e-02 -1.864494e-03 2.432806e+00
-5.973465e-02 -9.982122e-01 -2.048366e-03 1.135849e-01 -6.015691e-04 2.088028e-03 -9.999976e-01 2.236483e-02 9.982141e-01 -5.973328e-02 -7.252213e-04 2.478604e+00
-5.820974e-02 -9.983041e-01 -7.059132e-04 1.088835e-01 -2.701611e-03 8.646367e-04 -9.999960e-01 3.432257e-02 9.983007e-01 -5.820759e-02 -2.747359e-03 2.509478e+00
-5.662363e-02 -9.983956e-01 -2.195995e-04 1.119631e-01 -3.446156e-03 4.153985e-04 -9.999940e-01 3.490700e-02 9.983897e-01 -5.662253e-02 -3.464148e-03 2.556412e+00
-5.449041e-02 -9.985134e-01 -1.356082e-03 1.098931e-01 -2.694821e-03 1.505155e-03 -9.999952e-01 3.453099e-02 9.985107e-01 -5.448650e-02 -2.772831e-03 2.594583e+00
-5.364005e-02 -9.985595e-01 -1.324036e-03 1.050713e-01 -1.828003e-03 1.424138e-03 -9.999973e-01 3.569164e-02 9.985586e-01 -5.363749e-02 -1.901760e-03 2.630569e+00
-5.228001e-02 -9.986323e-01 -6.732146e-04 1.026676e-01 -2.372469e-03 7.983370e-04 -9.999968e-01 3.460572e-02 9.986296e-01 -5.227825e-02 -2.410961e-03 2.671273e+00
-5.319364e-02 -9.985834e-01 -1.250493e-03 1.080140e-01 -7.710101e-04 1.293337e-03 -9.999989e-01 3.877376e-02 9.985839e-01 -5.319262e-02 -8.387152e-04 2.714973e+00
-5.071260e-02 -9.987121e-01 -1.563231e-03 1.033176e-01 -3.580519e-03 1.747046e-03 -9.999921e-01 3.543054e-02 9.987069e-01 -5.070660e-02 -3.664504e-03 2.756625e+00
-4.959275e-02 -9.987692e-01 -8.017414e-04 9.739407e-02 -2.271203e-03 9.155010e-04 -9.999970e-01 3.770563e-02 9.987670e-01 -4.959079e-02 -2.313810e-03 2.807685e+00
-4.909824e-02 -9.987932e-01 -1.220569e-03 1.048287e-01 -9.163030e-04 1.267086e-03 -9.999987e-01 3.178335e-02 9.987935e-01 -4.909706e-02 -9.774090e-04 2.840004e+00
-5.150478e-02 -9.986609e-01 -4.859843e-03 1.094127e-01 -2.911697e-03 5.016445e-03 -9.999832e-01 3.247533e-02 9.986685e-01 -5.148976e-02 -3.166169e-03 2.882248e+00
-5.492653e-02 -9.984826e-01 -3.930524e-03 1.111123e-01 -3.974512e-03 4.155070e-03 -9.999835e-01 3.223823e-02 9.984825e-01 -5.491000e-02 -4.196705e-03 2.921771e+00
-5.919637e-02 -9.982454e-01 -1.424244e-03 1.116282e-01 -3.082873e-03 1.609554e-03 -9.999940e-01 3.399786e-02 9.982416e-01 -5.919162e-02 -3.172743e-03 2.955793e+00
-6.442323e-02 -9.979224e-01 8.147730e-04 9.642618e-02 -1.519431e-03 -7.183778e-04 -9.999986e-01 3.845849e-02 9.979215e-01 -6.442437e-02 -1.469994e-03 2.992565e+00
-6.995554e-02 -9.975500e-01 -5.208854e-04 1.070576e-01 -1.594080e-03 6.339526e-04 -9.999985e-01 3.557932e-02 9.975488e-01 -6.995460e-02 -1.634523e-03 3.025081e+00
-7.650585e-02 -9.970691e-01 -1.346802e-04 1.036086e-01 -1.339850e-03 2.378837e-04 -9.999990e-01 3.123234e-02 9.970682e-01 -7.650560e-02 -1.354122e-03 3.071719e+00
-8.371118e-02 -9.964891e-01 -1.382615e-03 1.093130e-01 -4.676337e-03 1.780309e-03 -9.999875e-01 3.792874e-02 9.964791e-01 -8.370367e-02 -4.808950e-03 3.098802e+00
-9.459470e-02 -9.955155e-01 8.587709e-04 1.076804e-01 -2.166717e-03 -6.567540e-04 -9.999974e-01 3.408652e-02 9.955135e-01 -9.459632e-02 -2.094875e-03 3.129822e+00
-1.029172e-01 -9.946899e-01 -6.341212e-05 1.067759e-01 -4.399693e-03 5.189715e-04 -9.999902e-01 3.943414e-02 9.946802e-01 -1.029159e-01 -4.429741e-03 3.164735e+00
-1.130362e-01 -9.935882e-01 -2.308660e-03 1.107148e-01 -3.071276e-03 2.672945e-03 -9.999917e-01 3.172479e-02 9.935861e-01 -1.130282e-01 -3.353723e-03 3.188145e+00
-1.235595e-01 -9.923371e-01 2.637427e-04 1.091082e-01 -3.014647e-03 1.095864e-04 -9.999955e-01 3.423921e-02 9.923326e-01 -1.235597e-01 -3.005087e-03 3.229588e+00
-1.337775e-01 -9.909993e-01 -4.906236e-03 1.166408e-01 -1.322119e-03 5.129204e-03 -9.999860e-01 3.165806e-02 9.910105e-01 -1.337691e-01 -1.996391e-03 3.266119e+00
-1.462024e-01 -9.892477e-01 -3.725739e-03 1.166739e-01 -4.209624e-03 4.388312e-03 -9.999815e-01 2.819792e-02 9.892457e-01 -1.461840e-01 -4.805943e-03 3.300895e+00
-1.624539e-01 -9.867155e-01 -1.144209e-03 1.188202e-01 -2.786623e-03 1.618401e-03 -9.999948e-01 3.485990e-02 9.867122e-01 -1.624499e-01 -3.012519e-03 3.332586e+00
-1.795280e-01 -9.837521e-01 -1.246940e-03 1.267644e-01 -3.377523e-03 1.883900e-03 -9.999925e-01 3.287365e-02 9.837471e-01 -1.795224e-01 -3.660858e-03 3.369342e+00
-1.967124e-01 -9.804607e-01 -1.005631e-03 1.301062e-01 -2.631055e-03 1.553543e-03 -9.999954e-01 3.304135e-02 9.804577e-01 -1.967088e-01 -2.885248e-03 3.403150e+00
-2.124017e-01 -9.771819e-01 -1.067326e-03 1.201396e-01 -4.765220e-03 2.128009e-03 -9.999864e-01 4.142395e-02 9.771708e-01 -2.123937e-01 -5.108479e-03 3.437673e+00
-2.227519e-01 -9.748747e-01 -1.015934e-03 1.087442e-01 -3.274852e-03 1.790390e-03 -9.999930e-01 3.504598e-02 9.748697e-01 -2.227470e-01 -3.591383e-03 3.515790e+00
-2.253388e-01 -9.742793e-01 -1.532616e-03 7.671838e-02 -2.241592e-03 2.091521e-03 -9.999953e-01 4.163341e-02 9.742779e-01 -2.253343e-01 -2.655238e-03 3.576523e+00
-2.269753e-01 -9.739000e-01 -1.059337e-03 6.049515e-02 -3.807934e-03 1.975187e-03 -9.999908e-01 3.240600e-02 9.738931e-01 -2.269692e-01 -4.156865e-03 3.624101e+00
-2.307369e-01 -9.730153e-01 -1.296336e-03 6.117782e-02 -3.692286e-03 2.207848e-03 -9.999908e-01 3.451392e-02 9.730092e-01 -2.307300e-01 -4.102083e-03 3.654627e+00
-2.350375e-01 -9.719853e-01 -1.406541e-03 5.819310e-02 -3.625262e-03 2.323698e-03 -9.999907e-01 3.087042e-02 9.719796e-01 -2.350302e-01 -4.069857e-03 3.693200e+00
-2.416760e-01 -9.703569e-01 -5.268834e-04 5.145408e-02 -3.989117e-03 1.536499e-03 -9.999909e-01 3.487380e-02 9.703488e-01 -2.416717e-01 -4.242202e-03 3.732893e+00
-2.496712e-01 -9.683296e-01 -1.448144e-03 4.861772e-02 -4.507249e-03 2.657623e-03 -9.999863e-01 3.527229e-02 9.683202e-01 -2.496613e-01 -5.028034e-03 3.791966e+00
-2.555210e-01 -9.668025e-01 -1.421081e-03 3.967200e-02 -4.761436e-03 2.728279e-03 -9.999849e-01 3.438890e-02 9.667917e-01 -2.555104e-01 -5.300500e-03 3.841302e+00
-2.621036e-01 -9.650397e-01 -2.334051e-05 2.392417e-02 -3.037177e-03 8.490796e-04 -9.999951e-01 3.266066e-02 9.650350e-01 -2.621022e-01 -3.153544e-03 3.889003e+00
-2.699257e-01 -9.628803e-01 1.297825e-03 3.232073e-02 -4.681698e-03 -3.541483e-05 -9.999890e-01 3.427696e-02 9.628698e-01 -2.699288e-01 -4.498356e-03 3.931765e+00
-2.781651e-01 -9.605319e-01 -1.603564e-03 3.099358e-02 -4.979495e-03 3.111461e-03 -9.999828e-01 3.479540e-02 9.605204e-01 -2.781523e-01 -5.648463e-03 3.970903e+00
-2.888961e-01 -9.573596e-01 -1.274545e-03 1.721517e-02 -3.799420e-03 2.477825e-03 -9.999897e-01 3.378920e-02 9.573529e-01 -2.888883e-01 -4.353245e-03 3.993501e+00
-3.002704e-01 -9.538536e-01 -9.806199e-04 2.114634e-02 -4.579525e-03 2.469668e-03 -9.999865e-01 4.180101e-02 9.538431e-01 -3.002618e-01 -5.109764e-03 4.038772e+00
-3.127148e-01 -9.498446e-01 -2.150018e-03 2.973365e-03 -2.038634e-03 2.934707e-03 -9.999936e-01 3.332580e-02 9.498448e-01 -3.127085e-01 -2.854112e-03 4.073409e+00
-3.246135e-01 -9.458467e-01 -1.032639e-04 7.383536e-05 -4.390948e-03 1.616143e-03 -9.999890e-01 4.262629e-02 9.458365e-01 -3.246095e-01 -4.677786e-03 4.131027e+00
-3.376113e-01 -9.412854e-01 -5.788447e-04 -1.156185e-02 -4.451764e-03 2.211660e-03 -9.999877e-01 3.722645e-02 9.412751e-01 -3.376046e-01 -4.937063e-03 4.176874e+00
-3.494031e-01 -9.369725e-01 -4.164591e-05 -1.821110e-02 -4.549949e-03 1.741152e-03 -9.999881e-01 4.795285e-02 9.369615e-01 -3.493988e-01 -4.871541e-03 4.204063e+00
-3.615866e-01 -9.323373e-01 1.462167e-03 -2.611379e-02 -4.595228e-03 2.138939e-04 -9.999894e-01 5.056587e-02 9.323272e-01 -3.615895e-01 -4.361643e-03 4.245664e+00
-3.718503e-01 -9.282925e-01 -6.385267e-04 -3.106145e-02 -3.004102e-03 1.891213e-03 -9.999937e-01 5.099840e-02 9.282879e-01 -3.718460e-01 -3.491933e-03 4.279831e+00
-3.831951e-01 -9.236674e-01 -1.188912e-06 -4.866591e-02 -4.941175e-03 2.051196e-03 -9.999857e-01 6.280648e-02 9.236542e-01 -3.831896e-01 -5.350010e-03 4.342549e+00
-3.907885e-01 -9.204805e-01 2.221426e-04 -6.945682e-02 -5.064011e-03 1.908588e-03 -9.999853e-01 6.520265e-02 9.204666e-01 -3.907839e-01 -5.407177e-03 4.371090e+00
-3.986010e-01 -9.171240e-01 -8.170219e-04 -7.770570e-02 -3.774001e-03 2.531102e-03 -9.999897e-01 6.207455e-02 9.171166e-01 -3.985938e-01 -4.470127e-03 4.415539e+00
-4.080970e-01 -9.129385e-01 -7.025783e-05 -8.527176e-02 -3.931475e-03 1.834385e-03 -9.999906e-01 7.037371e-02 9.129301e-01 -4.080929e-01 -4.337802e-03 4.456404e+00
-4.174480e-01 -9.087006e-01 -5.331307e-04 -1.020349e-01 -4.686509e-03 2.739622e-03 -9.999853e-01 6.486273e-02 9.086887e-01 -4.174394e-01 -5.402284e-03 4.488265e+00
-4.276557e-01 -9.039405e-01 -1.457180e-03 -1.157641e-01 -4.444771e-03 3.714832e-03 -9.999833e-01 7.196270e-02 9.039308e-01 -4.276421e-01 -5.606478e-03 4.523746e+00
-4.384527e-01 -8.987542e-01 2.631828e-04 -1.296574e-01 -3.777124e-03 1.549823e-03 -9.999917e-01 6.809401e-02 8.987463e-01 -4.384500e-01 -4.074230e-03 4.560246e+00
-4.495178e-01 -8.932713e-01 -3.211919e-04 -1.439492e-01 -2.762291e-03 1.749624e-03 -9.999946e-01 6.751217e-02 8.932671e-01 -4.495145e-01 -3.253963e-03 4.584096e+00
-4.599663e-01 -8.879364e-01 1.276299e-05 -1.548586e-01 -4.092745e-03 2.105739e-03 -9.999894e-01 6.521415e-02 8.879269e-01 -4.599614e-01 -4.602666e-03 4.650053e+00
-4.694404e-01 -8.829623e-01 -1.807670e-03 -1.708134e-01 -3.335292e-03 3.820511e-03 -9.999871e-01 6.506054e-02 8.829578e-01 -4.694284e-01 -4.738439e-03 4.689785e+00
-4.790591e-01 -8.777826e-01 -1.814035e-04 -1.852640e-01 -4.426511e-03 2.622473e-03 -9.999868e-01 7.150953e-02 8.777715e-01 -4.790520e-01 -5.141834e-03 4.744051e+00
-4.884281e-01 -8.726041e-01 -3.268528e-05 -2.018426e-01 -3.833561e-03 2.183240e-03 -9.999903e-01 6.708149e-02 8.725957e-01 -4.884233e-01 -4.411537e-03 4.780822e+00
-5.004764e-01 -8.657501e-01 -3.616647e-04 -2.147099e-01 -4.440201e-03 2.984551e-03 -9.999857e-01 7.570069e-02 8.657388e-01 -5.004676e-01 -5.337801e-03 4.820287e+00
-5.102718e-01 -8.600131e-01 3.085579e-04 -2.367155e-01 -4.297891e-03 2.191290e-03 -9.999884e-01 7.636620e-02 8.600024e-01 -5.102673e-01 -4.814396e-03 4.855038e+00
-5.199201e-01 -8.542144e-01 8.951306e-04 -2.552986e-01 -4.556242e-03 1.725283e-03 -9.999881e-01 7.755209e-02 8.542027e-01 -5.199180e-01 -4.789017e-03 4.908398e+00
-5.277373e-01 -8.494056e-01 1.855368e-03 -2.784029e-01 -4.066596e-03 3.422880e-04 -9.999917e-01 8.095364e-02 8.493979e-01 -5.277404e-01 -3.634828e-03 4.940980e+00
-5.346003e-01 -8.451008e-01 -2.697982e-03 -3.045251e-01 -1.329138e-03 4.033265e-03 -9.999910e-01 6.813212e-02 8.451040e-01 -5.345919e-01 -3.279440e-03 4.973000e+00
-5.416568e-01 -8.405997e-01 1.938777e-04 -3.238277e-01 -3.923982e-03 2.297855e-03 -9.999897e-01 7.774725e-02 8.405905e-01 -5.416520e-01 -4.543147e-03 5.007926e+00
-5.486945e-01 -8.360228e-01 5.270985e-04 -3.444358e-01 -4.230029e-03 2.145756e-03 -9.999887e-01 8.026423e-02 8.360122e-01 -5.486906e-01 -4.713765e-03 5.059300e+00
-5.581879e-01 -8.297143e-01 6.679798e-04 -3.635017e-01 -4.303743e-03 2.090268e-03 -9.999886e-01 8.392154e-02 8.297034e-01 -5.581844e-01 -4.737639e-03 5.102438e+00
-5.657836e-01 -8.245472e-01 -3.289506e-03 -3.869805e-01 -2.323840e-03 5.583958e-03 -9.999817e-01 7.320346e-02 8.245504e-01 -5.657657e-01 -5.075428e-03 5.153009e+00
-5.724564e-01 -8.199331e-01 -1.842183e-03 -4.145704e-01 -2.982246e-03 4.328846e-03 -9.999862e-01 7.135964e-02 8.199297e-01 -5.724430e-01 -4.923318e-03 5.200983e+00
-5.786464e-01 -8.155774e-01 -1.335994e-03 -4.438314e-01 -3.217833e-03 3.921104e-03 -9.999871e-01 7.512007e-02 8.155722e-01 -5.786346e-01 -4.893324e-03 5.248769e+00
-5.837291e-01 -8.119481e-01 8.051494e-04 -4.661026e-01 -4.946511e-03 2.564555e-03 -9.999845e-01 8.187418e-02 8.119334e-01 -5.837241e-01 -5.513316e-03 5.296425e+00
-5.884365e-01 -8.085360e-01 -3.462335e-03 -4.989313e-01 -1.921962e-03 5.680916e-03 -9.999820e-01 6.842213e-02 8.085411e-01 -5.884193e-01 -4.896834e-03 5.323048e+00
-5.960919e-01 -8.029162e-01 3.567465e-04 -5.093769e-01 -4.763373e-03 3.092063e-03 -9.999838e-01 8.349145e-02 8.029021e-01 -5.960839e-01 -5.667743e-03 5.362155e+00
-6.050624e-01 -7.961778e-01 6.324100e-04 -5.290518e-01 -4.141204e-03 2.352847e-03 -9.999887e-01 8.368489e-02 7.961673e-01 -6.050581e-01 -4.720754e-03 5.386368e+00
-6.149217e-01 -7.885876e-01 -1.019314e-03 -5.412589e-01 -2.333937e-03 3.112520e-03 -9.999924e-01 7.979137e-02 7.885848e-01 -6.149147e-01 -3.754470e-03 5.414450e+00
-6.210770e-01 -7.837467e-01 -2.129547e-03 -5.757828e-01 -2.704738e-03 4.860454e-03 -9.999845e-01 7.701801e-02 7.837449e-01 -6.210617e-01 -5.138546e-03 5.479392e+00
-6.239231e-01 -7.814828e-01 -2.115165e-03 -6.240897e-01 -1.850785e-03 4.184213e-03 -9.999895e-01 8.018140e-02 7.814835e-01 -6.239127e-01 -4.056984e-03 5.533285e+00
-6.223094e-01 -7.827705e-01 1.195574e-03 -6.655227e-01 -5.717058e-03 3.017780e-03 -9.999791e-01 8.138562e-02 7.827505e-01 -6.223032e-01 -6.353137e-03 5.570295e+00
-6.201386e-01 -7.844921e-01 5.195183e-04 -6.920189e-01 -4.955305e-03 3.254929e-03 -9.999824e-01 7.453215e-02 7.844766e-01 -6.201302e-01 -5.905904e-03 5.598966e+00
-6.166788e-01 -7.872142e-01 -1.017793e-03 -7.189620e-01 -4.050977e-03 4.466289e-03 -9.999818e-01 7.928834e-02 7.872044e-01 -6.166635e-01 -5.943252e-03 5.639581e+00
-6.150777e-01 -7.884665e-01 2.909330e-04 -7.419991e-01 -3.939081e-03 2.703870e-03 -9.999886e-01 8.368111e-02 7.884567e-01 -6.150718e-01 -4.768924e-03 5.679775e+00
-6.133361e-01 -7.898220e-01 2.305543e-04 -7.627788e-01 -4.956145e-03 3.556792e-03 -9.999814e-01 8.397266e-02 7.898065e-01 -6.133258e-01 -6.095981e-03 5.727559e+00
-6.134531e-01 -7.897308e-01 -5.935614e-04 -7.890987e-01 -4.335656e-03 4.119470e-03 -9.999821e-01 8.155425e-02 7.897192e-01 -6.134396e-01 -5.951103e-03 5.757689e+00
-6.124375e-01 -7.905186e-01 7.761248e-04 -8.105448e-01 -5.511549e-03 3.288184e-03 -9.999794e-01 8.981193e-02 7.904998e-01 -6.124291e-01 -6.370789e-03 5.818360e+00
-6.115084e-01 -7.912359e-01 -1.770237e-03 -8.487990e-01 -2.919902e-03 4.493927e-03 -9.999856e-01 8.550084e-02 7.912325e-01 -6.114945e-01 -5.058406e-03 5.829391e+00
-6.105011e-01 -7.920154e-01 3.948330e-04 -8.686762e-01 -4.514321e-03 2.981218e-03 -9.999853e-01 8.936576e-02 7.920026e-01 -6.104939e-01 -5.395448e-03 5.873679e+00
-6.111107e-01 -7.915451e-01 -3.497174e-04 -8.936392e-01 -4.371943e-03 3.817158e-03 -9.999831e-01 8.935795e-02 7.915331e-01 -6.110989e-01 -5.793296e-03 5.910819e+00
-6.132102e-01 -7.899154e-01 -2.616648e-03 -9.178240e-01 -2.702812e-03 5.410696e-03 -9.999817e-01 8.161844e-02 7.899151e-01 -6.131920e-01 -5.452887e-03 5.942089e+00
-6.166624e-01 -7.872275e-01 5.772177e-04 -9.456372e-01 -4.992395e-03 3.177499e-03 -9.999825e-01 8.825912e-02 7.872119e-01 -6.166545e-01 -5.889595e-03 5.995640e+00
-6.245192e-01 -7.810093e-01 -4.918398e-04 -9.684682e-01 -4.781127e-03 4.452873e-03 -9.999787e-01 8.791745e-02 7.809948e-01 -6.245036e-01 -6.515009e-03 6.027478e+00
-6.334351e-01 -7.737958e-01 -7.480325e-05 -1.003184e+00 -4.074353e-03 3.431965e-03 -9.999858e-01 8.577754e-02 7.737851e-01 -6.334258e-01 -5.326645e-03 6.076028e+00
-6.387056e-01 -7.694511e-01 4.814781e-04 -1.027746e+00 -4.238938e-03 2.892921e-03 -9.999868e-01 9.097829e-02 7.694396e-01 -6.386992e-01 -5.109380e-03 6.128982e+00
-6.427176e-01 -7.661030e-01 -5.812714e-04 -1.065501e+00 -3.166256e-03 3.415042e-03 -9.999892e-01 8.436561e-02 7.660967e-01 -6.427088e-01 -4.620586e-03 6.168717e+00
-6.461759e-01 -7.631784e-01 3.928931e-03 -1.106317e+00 -7.578644e-03 1.268803e-03 -9.999705e-01 8.934068e-02 7.631509e-01 -6.461866e-01 -6.603728e-03 6.213489e+00
-6.499812e-01 -7.599501e-01 5.370261e-04 -1.126190e+00 -5.445461e-03 3.950829e-03 -9.999774e-01 8.927941e-02 7.599308e-01 -6.499694e-01 -6.706243e-03 6.238992e+00
-6.558351e-01 -7.549040e-01 -5.253210e-04 -1.146820e+00 -4.115060e-03 4.270891e-03 -9.999824e-01 9.234013e-02 7.548930e-01 -6.558214e-01 -5.907476e-03 6.283100e+00
-6.621659e-01 -7.493571e-01 5.124550e-04 -1.177731e+00 -4.830409e-03 3.584522e-03 -9.999819e-01 9.503096e-02 7.493417e-01 -6.621564e-01 -5.993249e-03 6.306536e+00
-6.689973e-01 -7.432648e-01 2.937206e-04 -1.200231e+00 -4.546753e-03 3.697269e-03 -9.999828e-01 9.495777e-02 7.432509e-01 -6.689872e-01 -5.852905e-03 6.352534e+00
-6.764997e-01 -7.364413e-01 1.591450e-03 -1.226831e+00 -5.449850e-03 2.845307e-03 -9.999811e-01 9.991126e-02 7.364228e-01 -6.764956e-01 -5.938343e-03 6.375836e+00
-6.828384e-01 -7.305683e-01 -1.250835e-03 -1.258315e+00 -3.679779e-03 5.151474e-03 -9.999800e-01 9.500191e-02 7.305601e-01 -6.828202e-01 -6.205955e-03 6.403390e+00
-6.910440e-01 -7.228123e-01 7.608401e-04 -1.277559e+00 -4.897547e-03 3.629703e-03 -9.999814e-01 9.973059e-02 7.227961e-01 -6.910349e-01 -6.048292e-03 6.438184e+00
-7.002712e-01 -7.138762e-01 -9.835023e-04 -1.296272e+00 -3.366077e-03 4.679596e-03 -9.999834e-01 1.003682e-01 7.138690e-01 -7.002562e-01 -5.679949e-03 6.464436e+00
-7.115926e-01 -7.025924e-01 1.119441e-04 -1.325258e+00 -4.343393e-03 4.239705e-03 -9.999816e-01 9.809180e-02 7.025790e-01 -7.115799e-01 -6.068577e-03 6.484179e+00
-7.220007e-01 -6.918921e-01 4.983257e-04 -1.356144e+00 -5.130291e-03 4.633323e-03 -9.999761e-01 9.591729e-02 6.918733e-01 -7.219860e-01 -6.894871e-03 6.527256e+00
-7.294546e-01 -6.840292e-01 8.165972e-05 -1.393905e+00 -4.974905e-03 5.185904e-03 -9.999742e-01 9.812318e-02 6.840112e-01 -7.294362e-01 -7.185862e-03 6.576511e+00
