0.000000e+00 -1.000000e+00 0.000000e+00 0.000000e+00 0.000000e+00 0.000000e+00 -1.000000e+00 0.000000e+00 1.000000e+00 0.000000e+00 0.000000e+00 0.000000e+00
-3.287266e-04 -9.999999e-01 1.818937e-04 3.361500e-03 1.706308e-04 -1.819498e-04 -9.999999e-01 -9.728064e-04 9.999999e-01 -3.286956e-04 1.706906e-04 -1.130607e-03
-1.256189e-03 -9.999990e-01 5.563989e-04 -2.063679e-03 -5.304028e-04 -5.557329e-04 -9.999997e-01 -2.490499e-03 9.999990e-01 -1.256484e-03 -5.297041e-04 5.242215e-03
-1.213365e-03 -9.999993e-01 -9.529353e-05 3.949018e-03 -1.039659e-03 9.655504e-05 -9.999995e-01 -2.487872e-03 9.999987e-01 -1.213265e-03 -1.039775e-03 6.040076e-04
-1.339834e-03 -9.999991e-01 -1.782235e-04 1.106391e-03 -2.846065e-04 1.786050e-04 -9.999999e-01 -2.334653e-03 9.999990e-01 -1.339783e-03 -2.848456e-04 6.273531e-03
-2.383824e-03 -9.999970e-01 -6.138583e-04 3.048824e-04 8.779082e-04 6.117670e-04 -9.999994e-01 -4.573315e-03 9.999968e-01 -2.384361e-03 8.764472e-04 2.234389e-03
-3.510938e-03 -9.999937e-01 4.448330e-04 7.544535e-04 -2.095899e-04 -4.440999e-04 -9.999999e-01 -2.534939e-03 9.999938e-01 -3.511030e-03 -2.080294e-04 -5.549300e-03
-3.971690e-03 -9.999920e-01 5.994418e-04 2.356943e-03 -1.955889e-04 -5.986696e-04 -9.999998e-01 -3.743823e-04 9.999921e-01 -3.971806e-03 -1.932096e-04 2.302608e-03
-4.117162e-03 -9.999915e-01 -9.659309e-05 -1.350014e-02 -4.631883e-04 9.850094e-05 -9.999999e-01 6.394188e-03 9.999914e-01 -4.117117e-03 -4.635899e-04 8.978284e-03
-3.973442e-03 -9.999918e-01 7.921421e-04 -2.586577e-03 2.151439e-04 -7.930032e-04 -9.999996e-01 4.498255e-03 9.999921e-01 -3.973270e-03 2.182931e-04 5.953517e-03
-8.983408e-04 -9.999992e-01 8.821900e-04 -1.429417e-02 7.052452e-04 -8.828236e-04 -9.999993e-01 1.920073e-03 9.999993e-01 -8.977181e-04 7.060378e-04 9.001023e-03
1.122869e-03 -9.999978e-01 1.760590e-03 -1.752431e-02 -1.812398e-03 -1.762623e-03 -9.999968e-01 -1.439704e-03 9.999977e-01 1.119674e-03 -1.814373e-03 1.751545e-02
-8.030146e-04 -9.999995e-01 -5.697915e-04 -9.731987e-03 -6.021014e-05 5.698400e-04 -9.999998e-01 -4.823906e-03 9.999997e-01 -8.029801e-04 -6.066770e-05 1.313150e-02
-1.379478e-03 -9.999987e-01 7.460954e-04 -2.368354e-03 1.175831e-04 -7.462582e-04 -9.999997e-01 -4.411624e-03 9.999990e-01 -1.379390e-03 1.186124e-04 1.465272e-02
-9.107547e-04 -9.999995e-01 3.387175e-04 9.777615e-04 -1.638926e-04 -3.385683e-04 -9.999999e-01 -4.230316e-03 9.999996e-01 -9.108101e-04 -1.635842e-04 1.376100e-02
-5.111502e-04 -9.999996e-01 6.439580e-04 -1.490984e-03 -4.662072e-04 -6.437197e-04 -9.999997e-01 -8.058531e-03 9.999998e-01 -5.114503e-04 -4.658780e-04 1.449546e-02
-9.815765e-04 -9.999995e-01 -2.118508e-04 1.171517e-02 3.951820e-05 2.118121e-04 -1.000000e+00 -3.892530e-03 9.999995e-01 -9.815849e-04 3.931027e-05 1.207228e-02
1.156510e-04 -1.000000e+00 -1.372676e-04 -6.692567e-03 -4.629930e-04 1.372140e-04 -9.999999e-01 -6.878986e-03 9.999999e-01 1.157145e-04 -4.629772e-04 1.014115e-02
-7.042208e-04 -9.999998e-01 3.441937e-05 2.804325e-03 -8.760658e-04 -3.380243e-05 -9.999996e-01 -4.505806e-03 9.999993e-01 -7.042506e-04 -8.760418e-04 1.465485e-02
-7.631604e-04 -9.999996e-01 -3.782846e-04 5.534272e-03 -4.701830e-05 3.783206e-04 -9.999999e-01 -2.752050e-03 9.999997e-01 -7.631425e-04 -4.730700e-05 9.406982e-03
-1.889752e-04 -1.000000e+00 -2.946492e-05 -1.183147e-03 3.280936e-06 2.946430e-05 -1.000000e+00 -6.157744e-03 1.000000e+00 -1.889753e-04 3.275368e-06 1.510441e-02
-7.597745e-04 -9.999988e-01 1.323454e-03 -3.888544e-03 -7.077497e-04 -1.322917e-03 -9.999989e-01 -2.049732e-03 9.999995e-01 -7.607103e-04 -7.067438e-04 1.459751e-02
-5.106116e-04 -9.999998e-01 2.268164e-04 4.546708e-03 -1.369362e-03 -2.261170e-04 -9.999990e-01 -5.368402e-03 9.999989e-01 -5.109217e-04 -1.369246e-03 1.114658e-02
-2.530781e-04 -9.999999e-01 1.464781e-04 -1.782595e-03 -1.759745e-04 -1.464336e-04 -1.000000e+00 -4.596561e-03 9.999999e-01 -2.531039e-04 -1.759374e-04 1.208682e-02
1.923315e-05 -1.000000e+00 2.100149e-05 -4.171547e-04 -1.328203e-04 -2.100404e-05 -1.000000e+00 -5.356103e-03 1.000000e+00 1.923036e-05 -1.328207e-04 1.522510e-02
-5.590848e-04 -9.999998e-01 1.895925e-04 -4.957010e-03 1.521868e-04 -1.896776e-04 -1.000000e+00 -8.813333e-03 9.999998e-01 -5.590559e-04 1.522928e-04 1.558967e-02
6.143599e-05 -1.000000e+00 1.591861e-04 -7.502483e-03 -3.382113e-04 -1.592068e-04 -9.999999e-01 -7.457792e-03 9.999999e-01 6.138214e-05 -3.382211e-04 1.273364e-02
3.546505e-04 -9.999999e-01 -3.960304e-05 -6.132101e-03 -1.304651e-04 3.955678e-05 -1.000000e+00 -6.741953e-03 9.999999e-01 3.546556e-04 -1.304511e-04 1.115074e-02
3.186502e-04 -9.999995e-01 1.004856e-03 -7.217887e-03 -1.491374e-03 -1.005330e-03 -9.999984e-01 -6.795665e-03 9.999988e-01 3.171510e-04 -1.491694e-03 1.868491e-02
-3.816922e-04 -9.999996e-01 -7.662210e-04 -2.846906e-02 -1.200640e-03 7.666788e-04 -9.999990e-01 -3.079779e-03 9.999992e-01 -3.807718e-04 -1.200932e-03 1.120100e-02
-6.614243e-03 -9.999779e-01 -7.130969e-04 -2.193081e-02 -7.696382e-04 7.182030e-04 -9.999995e-01 -1.193076e-02 9.999778e-01 -6.613690e-03 -7.743716e-04 3.681361e-03
-8.865215e-03 -9.999606e-01 4.614184e-04 -3.245730e-03 1.843732e-03 -4.777815e-04 -9.999982e-01 -9.783192e-03 9.999590e-01 -8.864348e-03 1.847895e-03 2.316910e-03
-7.223546e-03 -9.999735e-01 9.328431e-04 -1.479624e-02 2.532311e-04 -9.346967e-04 -9.999995e-01 -1.167555e-02 9.999739e-01 -7.223306e-03 2.599762e-04 2.501306e-02
-7.674878e-03 -9.999704e-01 -5.846096e-04 -1.984775e-02 -6.679279e-04 5.897531e-04 -9.999996e-01 -1.223301e-02 9.999703e-01 -7.674485e-03 -6.724344e-04 3.702276e-02
-1.623711e-02 -9.998659e-01 -2.129773e-03 -1.082670e-02 -6.737328e-04 2.140994e-03 -9.999975e-01 -5.946590e-03 9.998679e-01 -1.623563e-02 -7.084060e-04 4.597414e-02
-3.415072e-02 -9.994158e-01 -1.305984e-03 -2.535059e-02 -1.543754e-03 1.359496e-03 -9.999979e-01 -4.802894e-03 9.994155e-01 -3.414863e-02 -1.589280e-03 5.483636e-02
-5.408940e-02 -9.985359e-01 -5.293881e-04 -8.879061e-03 -1.587301e-03 6.161456e-04 -9.999986e-01 -3.346896e-03 9.985349e-01 -5.408848e-02 -1.618304e-03 5.965716e-02
-7.222944e-02 -9.973859e-01 2.086039e-03 6.651723e-03 8.844964e-04 -2.155555e-03 -9.999973e-01 -6.762885e-03 9.973876e-01 -7.222740e-02 1.037879e-03 8.063891e-02
-8.585830e-02 -9.963072e-01 5.833450e-04 -1.450073e-02 -7.212895e-05 -5.792913e-04 -9.999998e-01 -1.262658e-02 9.963074e-01 -8.585833e-02 -2.212563e-05 1.094493e-01
-9.935541e-02 -9.950520e-01 1.776287e-04 8.857622e-03 -3.962021e-04 -1.389514e-04 -9.999999e-01 -8.369911e-03 9.950519e-01 -9.935547e-02 -3.804361e-04 1.374263e-01
-1.101171e-01 -9.939185e-01 4.714070e-04 1.384002e-02 -1.849268e-05 -4.722425e-04 -9.999999e-01 -4.742356e-03 9.939186e-01 -1.101171e-01 3.362178e-05 1.772811e-01
-1.103801e-01 -9.938877e-01 1.856626e-03 2.251915e-02 1.680974e-03 -2.054724e-03 -9.999965e-01 -2.816102e-03 9.938880e-01 -1.103766e-01 1.897500e-03 2.302629e-01
-1.054266e-01 -9.944269e-01 5.649725e-04 2.507907e-02 -2.130510e-04 -5.455516e-04 -9.999998e-01 -2.234447e-03 9.944271e-01 -1.054267e-01 -1.543480e-04 2.887146e-01
-1.006053e-01 -9.949264e-01 1.742200e-04 1.921921e-02 -7.688718e-04 -9.736133e-05 -9.999997e-01 -1.559915e-03 9.949261e-01 -1.006055e-01 -7.551758e-04 3.438093e-01
-9.823650e-02 -9.951630e-01 5.013344e-04 2.312962e-03 -5.041320e-04 -4.540062e-04 -9.999998e-01 -1.958121e-03 9.951630e-01 -9.823672e-02 -4.570936e-04 3.803049e-01
-9.140696e-02 -9.958133e-01 8.887391e-04 2.309550e-02 3.178390e-04 -9.216501e-04 -9.999995e-01 -4.771544e-03 9.958135e-01 -9.140664e-02 4.007535e-04 4.323037e-01
-7.975777e-02 -9.968130e-01 1.611309e-03 1.283788e-02 1.261607e-04 -1.626553e-03 -9.999987e-01 1.399677e-03 9.968143e-01 -7.975747e-02 2.554889e-04 4.972738e-01
-6.569120e-02 -9.978400e-01 -1.007206e-04 2.215406e-02 2.421920e-04 8.499432e-05 -9.999999e-01 -8.587461e-04 9.978400e-01 -6.569122e-02 2.360855e-04 5.563883e-01
-5.912759e-02 -9.982485e-01 -1.954940e-03 -5.830135e-03 -4.620856e-04 1.985736e-03 -9.999979e-01 3.999032e-03 9.982503e-01 -5.912656e-02 -5.786881e-04 6.025964e-01
-6.515446e-02 -9.978750e-01 -5.626999e-04 -1.047338e-02 -8.754666e-04 6.210599e-04 -9.999994e-01 -2.493549e-03 9.978748e-01 -6.515393e-02 -9.140711e-04 6.369458e-01
-7.582457e-02 -9.971209e-01 8.266579e-04 -8.971016e-03 -3.713117e-05 -8.262210e-04 -9.999996e-01 -6.749447e-03 9.971212e-01 -7.582457e-02 2.562358e-05 6.796913e-01
-8.405779e-02 -9.964600e-01 1.320519e-03 1.600222e-02 5.561135e-04 -1.372120e-03 -9.999989e-01 -5.757541e-03 9.964607e-01 -8.405696e-02 6.694822e-04 7.438052e-01
-8.658413e-02 -9.962430e-01 1.755269e-03 1.446237e-02 -2.208815e-04 -1.742689e-03 -9.999985e-01 -7.922544e-03 9.962445e-01 -8.658438e-02 -6.916242e-05 8.238282e-01
-8.649713e-02 -9.962509e-01 1.511530e-03 1.026538e-02 -1.038043e-03 -1.427090e-03 -9.999985e-01 6.306732e-03 9.962516e-01 -8.649857e-02 -9.107119e-04 8.898969e-01
-8.396362e-02 -9.964682e-01 -1.132271e-03 2.872161e-02 2.245261e-03 9.470927e-04 -9.999970e-01 -3.269641e-03 9.964663e-01 -8.396591e-02 2.157809e-03 9.516250e-01
-7.677883e-02 -9.970472e-01 1.373774e-03 2.594298e-02 4.773112e-04 -1.414597e-03 -9.999989e-01 -1.363748e-03 9.970480e-01 -7.677809e-02 5.845129e-04 1.033017e+00
-6.665644e-02 -9.977757e-01 7.365533e-04 2.326574e-02 -1.365630e-04 -7.290719e-04 -9.999997e-01 -2.830388e-03 9.977760e-01 -6.665652e-02 -8.766196e-05 1.099294e+00
-5.318867e-02 -9.985844e-01 2.318943e-04 1.583224e-02 -5.098044e-04 -2.050688e-04 -9.999998e-01 1.357184e-03 9.985843e-01 -5.318877e-02 -4.981754e-04 1.163416e+00
-4.007768e-02 -9.991966e-01 -3.444616e-05 1.417957e-02 4.370659e-04 1.694319e-05 -9.999999e-01 -6.207485e-03 9.991965e-01 -4.007769e-02 4.360357e-04 1.232784e+00
-2.811715e-02 -9.995996e-01 -3.187243e-03 7.807359e-03 5.294260e-04 3.173611e-03 -9.999948e-01 -7.015322e-03 9.996045e-01 -2.811869e-02 4.399811e-04 1.298983e+00
-2.033079e-02 -9.997920e-01 -1.605239e-03 -1.337899e-03 1.876316e-03 1.567413e-03 -9.999970e-01 -2.321283e-03 9.997916e-01 -2.033374e-02 1.844059e-03 1.359049e+00
-1.773857e-02 -9.998419e-01 -1.278229e-03 -1.042710e-02 1.002411e-03 1.260646e-03 -9.999987e-01 1.713264e-04 9.998422e-01 -1.773982e-02 9.798902e-04 1.404762e+00
-2.038613e-02 -9.997920e-01 5.694588e-04 -2.405020e-02 -3.160167e-03 -5.051374e-04 -9.999949e-01 4.469505e-03 9.997872e-01 -2.038783e-02 -3.149212e-03 1.454921e+00
-2.511632e-02 -9.996845e-01 -4.512887e-04 -2.656511e-02 5.236985e-05 4.501153e-04 -9.999999e-01 1.812957e-03 9.996845e-01 -2.511634e-02 4.104809e-05 1.511711e+00
-3.051219e-02 -9.995342e-01 6.465492e-04 -2.581181e-02 -3.159754e-04 -6.372048e-04 -9.999998e-01 -5.374759e-03 9.995344e-01 -3.051239e-02 -2.963857e-04 1.566769e+00
-3.324449e-02 -9.994467e-01 1.061516e-03 1.270682e-02 3.289735e-04 -1.073046e-03 -9.999993e-01 -4.540861e-03 9.994472e-01 -3.324412e-02 3.644643e-04 1.640125e+00
-3.354818e-02 -9.994369e-01 -6.881111e-04 1.564090e-02 -4.245696e-04 7.027501e-04 -9.999996e-01 -7.895784e-03 9.994370e-01 -3.354788e-02 -4.479065e-04 1.712531e+00
-3.339022e-02 -9.994422e-01 6.694344e-04 6.919872e-03 -1.425112e-03 -6.221959e-04 -9.999988e-01 -1.743074e-03 9.994414e-01 -3.339114e-02 -1.403542e-03 1.784441e+00
-3.372508e-02 -9.994305e-01 1.102814e-03 2.590627e-03 -1.503808e-03 -1.052695e-03 -9.999983e-01 -2.635765e-03 9.994300e-01 -3.372667e-02 -1.467450e-03 1.844334e+00
-3.802456e-02 -9.992747e-01 -2.074682e-03 2.482096e-02 -1.330888e-03 2.126825e-03 -9.999968e-01 -4.694448e-03 9.992759e-01 -3.802168e-02 -1.410794e-03 1.906499e+00
-4.157382e-02 -9.991354e-01 -1.208081e-05 2.445461e-02 2.474886e-04 1.793320e-06 -9.999999e-01 -2.444969e-03 9.991354e-01 -4.157382e-02 2.472000e-04 1.977702e+00
-4.317438e-02 -9.990653e-01 2.097357e-03 4.456171e-02 -7.653428e-05 -2.096007e-03 -9.999978e-01 -1.387843e-03 9.990675e-01 -4.317445e-02 1.403104e-05 2.046380e+00
-3.819709e-02 -9.992699e-01 8.295717e-04 6.010855e-02 9.858561e-04 -8.678614e-04 -9.999992e-01 1.530439e-03 9.992697e-01 -3.819624e-02 1.018286e-03 2.129555e+00
-3.036179e-02 -9.995374e-01 1.784055e-03 5.073024e-02 2.689402e-04 -1.793047e-03 -9.999983e-01 -6.864580e-03 9.995390e-01 -3.036126e-02 3.232559e-04 2.204205e+00
-2.126368e-02 -9.997732e-01 1.194249e-03 7.451236e-02 5.745029e-04 -1.206738e-03 -9.999991e-01 -1.303673e-02 9.997737e-01 -2.126297e-02 6.000323e-04 2.273851e+00
-1.525262e-02 -9.998829e-01 -1.252897e-03 9.136281e-02 -6.751599e-04 1.263341e-03 -9.999990e-01 -2.121568e-03 9.998835e-01 -1.525176e-02 -6.943501e-04 2.337331e+00
-1.374424e-02 -9.999035e-01 2.012036e-03 8.743015e-02 -1.134711e-03 -1.996628e-03 -9.999974e-01 -4.752617e-03 9.999049e-01 -1.374649e-02 -1.107160e-03 2.397496e+00
-1.727840e-02 -9.998507e-01 -1.782201e-05 8.545391e-02 -1.303117e-03 4.034378e-05 -9.999992e-01 4.395177e-03 9.998499e-01 -1.727836e-02 -1.303619e-03 2.455248e+00
-1.983183e-02 -9.998033e-01 -2.066919e-04 9.435749e-02 -7.362108e-04 2.213358e-04 -9.999997e-01 5.218931e-03 9.998031e-01 -1.983167e-02 -7.404555e-04 2.521419e+00
-2.497663e-02 -9.996880e-01 -6.708622e-05 7.099637e-02 -5.970764e-04 8.202476e-05 -9.999998e-01 2.992739e-03 9.996879e-01 -2.497659e-02 -5.989389e-04 2.582543e+00
-3.124312e-02 -9.995103e-01 1.758578e-03 8.442494e-02 -8.223957e-04 -1.733730e-03 -9.999982e-01 1.823518e-03 9.995115e-01 -3.124451e-02 -7.678258e-04 2.641676e+00
-3.847490e-02 -9.992595e-01 -1.888578e-04 1.014149e-01 4.014135e-03 3.443840e-05 -9.999920e-01 -2.452368e-03 9.992515e-01 -3.847534e-02 4.009837e-03 2.707724e+00
-4.394289e-02 -9.990305e-01 2.638838e-03 1.171428e-01 -4.764882e-04 -2.620431e-03 -9.999964e-01 3.733451e-03 9.990339e-01 -4.394399e-02 -3.608770e-04 2.791975e+00
-4.290585e-02 -9.990676e-01 4.795877e-03 1.439726e-01 1.130403e-03 -4.848840e-03 -9.999876e-01 2.822017e-03 9.990785e-01 -4.289990e-02 1.337392e-03 2.875000e+00
-3.432389e-02 -9.994010e-01 4.405682e-03 1.646035e-01 -3.510723e-03 -4.287681e-03 -9.999846e-01 7.051664e-03 9.994046e-01 -3.433883e-02 -3.361450e-03 2.956707e+00
-2.604335e-02 -9.996607e-01 5.782117e-04 1.732365e-01 -2.136778e-03 -5.227388e-04 -9.999976e-01 8.119732e-03 9.996585e-01 -2.604453e-02 -2.122439e-03 3.014011e+00
-2.461882e-02 -9.996969e-01 -3.720342e-04 1.559903e-01 -2.850993e-03 4.423549e-04 -9.999958e-01 2.692082e-03 9.996929e-01 -2.461766e-02 -2.861019e-03 3.065072e+00
-2.849312e-02 -9.995939e-01 4.429445e-04 1.395913e-01 -2.194088e-03 -3.805815e-04 -9.999975e-01 1.888532e-04 9.995916e-01 -2.849402e-02 -2.182353e-03 3.131934e+00
-2.913035e-02 -9.995750e-01 1.124172e-03 1.511609e-01 -9.288537e-04 -1.097579e-03 -9.999990e-01 1.151527e-02 9.995752e-01 -2.913136e-02 -8.964860e-04 3.204214e+00
-2.610439e-02 -9.996575e-01 1.867184e-03 1.534731e-01 -2.888775e-03 -1.792377e-03 -9.999942e-01 4.836360e-03 9.996551e-01 -2.610963e-02 -2.840997e-03 3.291775e+00
-2.317362e-02 -9.997314e-01 2.248187e-04 1.454835e-01 -2.645968e-03 -1.635452e-04 -9.999965e-01 8.320006e-03 9.997280e-01 -2.317414e-02 -2.641468e-03 3.358786e+00
-2.438648e-02 -9.997023e-01 8.423184e-04 1.470505e-01 -2.580829e-03 -7.796101e-04 -9.999964e-01 1.182456e-02 9.996993e-01 -2.438857e-02 -2.561049e-03 3.423775e+00
-2.398345e-02 -9.997098e-01 2.275927e-03 1.824990e-01 -1.063316e-03 -2.251071e-03 -9.999969e-01 3.367337e-03 9.997118e-01 -2.398580e-02 -1.009019e-03 3.490636e+00
-2.373268e-02 -9.997182e-01 5.141820e-04 2.017526e-01 -1.115985e-03 -4.878338e-04 -9.999993e-01 8.087874e-03 9.997177e-01 -2.373323e-02 -1.104093e-03 3.577168e+00
-2.408845e-02 -9.997088e-01 1.456149e-03 2.196106e-01 -1.678771e-03 -1.416119e-03 -9.999976e-01 1.112798e-02 9.997084e-01 -2.409083e-02 -1.644170e-03 3.641762e+00
-2.473623e-02 -9.996938e-01 6.891634e-04 2.041637e-01 -3.992262e-03 -5.905852e-04 -9.999918e-01 1.764571e-02 9.996861e-01 -2.473878e-02 -3.976431e-03 3.729051e+00
-2.366286e-02 -9.997200e-01 -2.414777e-04 2.140112e-01 -2.378548e-03 2.978437e-04 -9.999971e-01 1.303509e-02 9.997172e-01 -2.366222e-02 -2.384930e-03 3.803908e+00
-2.237478e-02 -9.997494e-01 -7.122448e-04 2.148905e-01 -1.692703e-03 7.503055e-04 -9.999983e-01 1.157215e-02 9.997482e-01 -2.237354e-02 -1.709066e-03 3.880584e+00
-2.005015e-02 -9.997987e-01 8.230057e-04 2.166820e-01 -1.876872e-03 -7.855307e-04 -9.999979e-01 9.999133e-03 9.997972e-01 -2.005165e-02 -1.860745e-03 3.963415e+00
-1.529700e-02 -9.998830e-01 1.165808e-04 2.324406e-01 -7.730594e-04 -1.047675e-04 -9.999997e-01 1.588580e-02 9.998827e-01 -1.529709e-02 -7.713663e-04 4.044770e+00
-6.702660e-03 -9.999760e-01 1.724011e-03 2.478687e-01 -1.563097e-04 -1.723002e-03 -9.999985e-01 8.950870e-03 9.999775e-01 -6.702919e-03 -1.447572e-04 4.139802e+00
5.521603e-03 -9.999800e-01 3.074727e-03 2.662940e-01 -4.622194e-03 -3.100264e-03 -9.999845e-01 2.308881e-02 9.999741e-01 5.507305e-03 -4.639220e-03 4.239543e+00
1.695274e-02 -9.998561e-01 5.551670e-04 2.558261e-01 -3.924921e-03 -6.217903e-04 -9.999921e-01 1.222014e-02 9.998486e-01 1.695043e-02 -3.934897e-03 4.320316e+00
2.513630e-02 -9.996832e-01 1.293164e-03 2.539233e-01 -3.702944e-03 -1.386671e-03 -9.999922e-01 1.999974e-02 9.996772e-01 2.513132e-02 -3.736627e-03 4.387008e+00
2.818318e-02 -9.996007e-01 2.028635e-03 2.425521e-01 -2.623559e-03 -2.103403e-03 -9.999943e-01 1.516103e-02 9.995993e-01 2.817770e-02 -2.681792e-03 4.443971e+00
3.216937e-02 -9.994822e-01 7.024010e-04 2.754956e-01 -3.488150e-03 -8.150301e-04 -9.999936e-01 1.760681e-02 9.994764e-01 3.216672e-02 -3.512562e-03 4.534921e+00
3.505889e-02 -9.993815e-01 2.752536e-03 2.719855e-01 -3.976635e-03 -2.893709e-03 -9.999879e-01 1.660287e-02 9.993773e-01 3.504752e-02 -4.075625e-03 4.606915e+00
3.396523e-02 -9.994230e-01 1.401950e-04 2.612282e-01 -2.022204e-03 -2.090000e-04 -9.999979e-01 1.515477e-02 9.994209e-01 3.396488e-02 -2.028136e-03 4.677906e+00
2.649146e-02 -9.996490e-01 1.259402e-04 2.676753e-01 -2.953198e-03 -2.042458e-04 -9.999956e-01 2.126712e-02 9.996447e-01 2.649097e-02 -2.957572e-03 4.731957e+00
1.767794e-02 -9.998435e-01 6.427522e-04 2.732762e-01 -1.729900e-03 -6.734375e-04 -9.999983e-01 1.978623e-02 9.998422e-01 1.767680e-02 -1.741535e-03 4.810508e+00
1.061925e-02 -9.999436e-01 1.355138e-04 2.869048e-01 -8.133081e-04 -1.441586e-04 -9.999996e-01 2.510408e-02 9.999433e-01 1.061913e-02 -8.147931e-04 4.872116e+00
2.909432e-03 -9.999944e-01 1.655961e-03 2.893211e-01 -2.144578e-03 -1.662204e-03 -9.999963e-01 1.883683e-02 9.999934e-01 2.905870e-03 -2.149402e-03 4.938910e+00
-5.188481e-03 -9.999687e-01 5.976469e-03 2.889241e-01 -4.918953e-03 -5.950955e-03 -9.999702e-01 2.458774e-02 9.999744e-01 -5.217725e-03 -4.887923e-03 5.024235e+00
-1.188891e-02 -9.999283e-01 1.418632e-03 3.162099e-01 -2.380702e-03 -1.390422e-03 -9.999962e-01 1.750966e-02 9.999265e-01 -1.189225e-02 -2.364001e-03 5.098662e+00
-1.879342e-02 -9.998233e-01 -5.307025e-04 3.256329e-01 -2.849780e-03 5.843607e-04 -9.999958e-01 3.072914e-02 9.998193e-01 -1.879183e-02 -2.860258e-03 5.170106e+00
-2.991856e-02 -9.995521e-01 7.199799e-04 3.266024e-01 -2.861488e-03 -6.346495e-04 -9.999957e-01 2.138639e-02 9.995483e-01 -2.992049e-02 -2.841219e-03 5.241665e+00
-3.839791e-02 -9.992609e-01 1.812766e-03 3.181857e-01 -3.245471e-03 -1.689383e-03 -9.999933e-01 1.992971e-02 9.992573e-01 -3.840354e-02 -3.178203e-03 5.313431e+00
-4.367020e-02 -9.990405e-01 3.305873e-03 3.287980e-01 -3.457062e-03 -3.157896e-03 -9.999890e-01 2.351194e-02 9.990400e-01 -4.368115e-02 -3.315839e-03 5.398682e+00
-4.448546e-02 -9.990091e-01 1.398458e-03 3.513200e-01 -1.182333e-03 -1.347194e-03 -9.999984e-01 2.869745e-02 9.990093e-01 -4.448705e-02 -1.121230e-03 5.489209e+00
-4.386423e-02 -9.990373e-01 5.533780e-04 3.602215e-01 -3.144008e-03 -4.158661e-04 -9.999950e-01 2.312216e-02 9.990326e-01 -4.386575e-02 -3.122740e-03 5.570514e+00
-4.089815e-02 -9.991552e-01 4.029801e-03 3.695217e-01 -1.276992e-03 -3.980902e-03 -9.999912e-01 2.820191e-02 9.991625e-01 -4.090293e-02 -1.113102e-03 5.651577e+00
-3.683303e-02 -9.993199e-01 -1.750072e-03 3.869376e-01 -2.582260e-03 1.846432e-03 -9.999949e-01 3.315652e-02 9.993181e-01 -3.682833e-02 -2.648514e-03 5.721980e+00
-3.809546e-02 -9.992735e-01 -1.052440e-03 3.569411e-01 -2.614136e-03 1.152860e-03 -9.999959e-01 3.213834e-02 9.992707e-01 -3.809256e-02 -2.656156e-03 5.778347e+00
-4.262675e-02 -9.990897e-01 -1.645502e-03 3.622177e-01 -6.194143e-04 1.673427e-03 -9.999984e-01 3.498749e-02 9.990909e-01 -4.262566e-02 -6.901833e-04 5.842912e+00
-4.564193e-02 -9.989578e-01 -3.877901e-04 3.681572e-01 -2.421552e-03 4.988331e-04 -9.999970e-01 3.692784e-02 9.989550e-01 -4.564085e-02 -2.441796e-03 5.914186e+00
-4.693851e-02 -9.988959e-01 1.924745e-03 3.624776e-01 -1.354136e-03 -1.863236e-03 -9.999973e-01 2.800249e-02 9.988968e-01 -4.694100e-02 -1.265183e-03 6.008186e+00
-4.906102e-02 -9.987923e-01 2.647596e-03 3.676546e-01 -1.710262e-03 -2.566776e-03 -9.999952e-01 2.706913e-02 9.987943e-01 -4.906531e-02 -1.582268e-03 6.084763e+00
-5.531196e-02 -9.984688e-01 8.081303e-04 3.685250e-01 -2.991837e-03 -6.436277e-04 -9.999953e-01 4.377402e-02 9.984646e-01 -5.531411e-02 -2.951655e-03 6.156222e+00
-5.840270e-02 -9.982930e-01 -4.439463e-04 3.763099e-01 -1.762519e-03 5.478165e-04 -9.999983e-01 4.529463e-02 9.982916e-01 -5.840182e-02 -1.791505e-03 6.244972e+00
-5.243842e-02 -9.986120e-01 4.929394e-03 3.901053e-01 -3.690567e-03 -4.742359e-03 -9.999819e-01 3.728569e-02 9.986174e-01 -5.245567e-02 -3.436762e-03 6.350523e+00
-4.271792e-02 -9.990830e-01 -2.869999e-03 4.027952e-01 -2.077256e-03 2.961432e-03 -9.999934e-01 4.047481e-02 9.990850e-01 -4.271168e-02 -2.201858e-03 6.433164e+00
-3.620517e-02 -9.993415e-01 2.403797e-03 4.106022e-01 -4.570200e-03 -2.239776e-03 -9.999871e-01 3.172375e-02 9.993339e-01 -3.621568e-02 -4.486099e-03 6.513379e+00
-3.147260e-02 -9.995046e-01 1.091769e-04 4.221078e-01 -4.837710e-03 4.310105e-05 -9.999883e-01 4.306839e-02 9.994929e-01 -3.147276e-02 -4.836670e-03 6.597816e+00
-2.992838e-02 -9.995499e-01 -2.061140e-03 4.151460e-01 -3.220435e-03 2.158478e-03 -9.999925e-01 4.834555e-02 9.995469e-01 -2.992152e-02 -3.283585e-03 6.667954e+00
-2.988642e-02 -9.995532e-01 4.736024e-04 4.127601e-01 -4.121056e-03 -3.505914e-04 -9.999915e-01 4.702960e-02 9.995448e-01 -2.988811e-02 -4.108737e-03 6.746972e+00
-2.931646e-02 -9.995680e-01 2.082624e-03 4.139241e-01 -6.266993e-03 -1.899673e-03 -9.999785e-01 4.570952e-02 9.995505e-01 -2.932889e-02 -6.208594e-03 6.828708e+00
-2.397803e-02 -9.997061e-01 3.567765e-03 4.393591e-01 -4.535953e-03 -3.459960e-03 -9.999837e-01 4.438669e-02 9.997022e-01 -2.399382e-02 -4.451657e-03 6.907326e+00
-2.116054e-02 -9.997751e-01 1.426061e-03 4.458742e-01 -4.761323e-03 -1.325590e-03 -9.999878e-01 4.253073e-02 9.997647e-01 -2.116708e-02 -4.732202e-03 6.980778e+00
-1.912735e-02 -9.998170e-01 3.735193e-04 4.366775e-01 -2.362865e-03 -3.283829e-04 -9.999971e-01 4.220392e-02 9.998143e-01 -1.912818e-02 -2.356151e-03 7.070773e+00
-1.546933e-02 -9.998717e-01 4.143958e-03 4.296480e-01 -5.047546e-03 -4.066310e-03 -9.999790e-01 3.394861e-02 9.998676e-01 -1.548992e-02 -4.983996e-03 7.176390e+00
-1.051297e-02 -9.999410e-01 2.732915e-03 4.643281e-01 -8.072207e-03 -2.648110e-03 -9.999639e-01 4.327370e-02 9.999121e-01 -1.053465e-02 -8.043891e-03 7.263768e+00
-9.755013e-03 -9.999466e-01 3.406751e-03 4.405205e-01 -5.147696e-03 -3.356650e-03 -9.999811e-01 3.250499e-02 9.999391e-01 -9.772365e-03 -5.114677e-03 7.340184e+00
-9.540972e-03 -9.999491e-01 3.273737e-03 4.550317e-01 -5.634183e-03 -3.220076e-03 -9.999790e-01 4.285119e-02 9.999386e-01 -9.559216e-03 -5.603173e-03 7.412333e+00
-9.193109e-03 -9.999534e-01 2.939136e-03 4.617591e-01 -4.541737e-03 -2.897475e-03 -9.999855e-01 3.194624e-02 9.999474e-01 -9.206325e-03 -4.514889e-03 7.479346e+00
-6.534303e-03 -9.999663e-01 4.968152e-03 4.716819e-01 -4.306140e-03 -4.940074e-03 -9.999785e-01 2.722543e-02 9.999694e-01 -6.555556e-03 -4.273715e-03 7.569956e+00
-6.486938e-03 -9.999785e-01 9.319996e-04 5.009814e-01 -5.395952e-03 -8.970017e-04 -9.999850e-01 3.647533e-02 9.999644e-01 -6.491870e-03 -5.390018e-03 7.632747e+00
-5.531466e-03 -9.999793e-01 3.293982e-03 4.986499e-01 -6.480423e-03 -3.258116e-03 -9.999737e-01 4.142699e-02 9.999637e-01 -5.552667e-03 -6.462266e-03 7.713130e+00
-1.915565e-03 -9.999854e-01 5.053779e-03 5.155634e-01 -5.476688e-03 -5.043221e-03 -9.999723e-01 3.144050e-02 9.999832e-01 -1.943190e-03 -5.466947e-03 7.812282e+00
-6.753425e-04 -9.999987e-01 1.422636e-03 5.159947e-01 -5.682401e-03 -1.418776e-03 -9.999828e-01 4.700886e-02 9.999836e-01 -6.834149e-04 -5.681436e-03 7.890440e+00
-2.987045e-03 -9.999918e-01 2.714697e-03 4.966657e-01 -4.093863e-03 -2.702457e-03 -9.999880e-01 3.750581e-02 9.999872e-01 -2.998123e-03 -4.085757e-03 7.955912e+00
-1.470283e-02 -9.998876e-01 2.911243e-03 4.975007e-01 -5.222686e-03 -2.834721e-03 -9.999824e-01 3.907160e-02 9.998783e-01 -1.471778e-02 -5.180420e-03 8.005379e+00
-2.805064e-02 -9.996008e-01 3.384713e-03 5.043176e-01 -4.135115e-03 -3.269979e-03 -9.999861e-01 4.381546e-02 9.995980e-01 -2.806425e-02 -4.041739e-03 8.076329e+00
-3.946354e-02 -9.992182e-01 2.358060e-03 5.163954e-01 -5.949154e-03 -2.124899e-03 -9.999800e-01 4.595834e-02 9.992033e-01 -3.947678e-02 -5.860647e-03 8.160364e+00
-4.919447e-02 -9.987739e-01 5.530564e-03 5.371487e-01 -4.571084e-03 -5.312069e-03 -9.999754e-01 4.593777e-02 9.987788e-01 -4.921855e-02 -4.304155e-03 8.246678e+00
-5.732463e-02 -9.983513e-01 2.906228e-03 5.573275e-01 -5.808221e-03 -2.577465e-03 -9.999798e-01 5.278816e-02 9.983387e-01 -5.734036e-02 -5.650893e-03 8.336223e+00
-6.267769e-02 -9.980304e-01 2.604575e-03 5.852051e-01 -4.832976e-03 -2.306160e-03 -9.999856e-01 4.704769e-02 9.980221e-01 -6.268938e-02 -4.678912e-03 8.421392e+00
-6.672063e-02 -9.977682e-01 2.661861e-03 5.880072e-01 -5.364517e-03 -2.309045e-03 -9.999830e-01 5.341902e-02 9.977573e-01 -6.673377e-02 -5.198483e-03 8.509540e+00
-7.098892e-02 -9.974767e-01 9.265731e-04 6.100405e-01 -5.613216e-03 -5.294181e-04 -9.999841e-01 5.759085e-02 9.974613e-01 -7.099299e-02 -5.561469e-03 8.605330e+00
-6.822998e-02 -9.976368e-01 8.089582e-03 6.146446e-01 -7.457934e-03 -7.598225e-03 -9.999433e-01 4.945753e-02 9.976417e-01 -6.828645e-02 -6.921883e-03 8.696700e+00
-5.695637e-02 -9.983727e-01 2.833597e-03 6.677151e-01 -6.363054e-03 -2.475142e-03 -9.999767e-01 5.233999e-02 9.983564e-01 -5.697308e-02 -6.211724e-03 8.803788e+00
-4.173454e-02 -9.991245e-01 2.922959e-03 6.811234e-01 -5.744795e-03 -2.685495e-03 -9.999799e-01 5.523571e-02 9.991122e-01 -4.175049e-02 -5.627688e-03 8.899009e+00
-2.655566e-02 -9.996473e-01 1.945776e-04 6.929050e-01 -7.495831e-03 4.486204e-06 -9.999719e-01 6.556121e-02 9.996192e-01 -2.655637e-02 -7.493306e-03 8.970727e+00
-1.092114e-02 -9.999365e-01 2.800282e-03 6.825184e-01 -6.425934e-03 -2.730209e-03 -9.999756e-01 6.085144e-02 9.999197e-01 -1.093887e-02 -6.395709e-03 9.040390e+00
2.105745e-03 -9.999971e-01 1.141588e-03 6.695541e-01 -5.226358e-03 -1.152580e-03 -9.999857e-01 5.440723e-02 9.999841e-01 2.099748e-03 -5.228770e-03 9.135198e+00
1.040326e-02 -9.999438e-01 2.055973e-03 6.774094e-01 -6.019060e-03 -2.118668e-03 -9.999796e-01 5.086264e-02 9.999278e-01 1.039068e-02 -6.040763e-03 9.210774e+00
1.410257e-02 -9.999004e-01 4.996524e-04 6.688216e-01 -6.633001e-03 -5.932428e-04 -9.999778e-01 6.359307e-02 9.998785e-01 1.409894e-02 -6.640707e-03 9.287366e+00
1.519057e-02 -9.998841e-01 1.026258e-03 6.798901e-01 -5.663888e-03 -1.112408e-03 -9.999834e-01 6.118092e-02 9.998686e-01 1.518450e-02 -5.680129e-03 9.333848e+00
1.334999e-02 -9.999086e-01 2.135757e-03 6.756091e-01 -6.652906e-03 -2.224724e-03 -9.999754e-01 6.481261e-02 9.998888e-01 1.333545e-02 -6.681997e-03 9.451192e+00
9.235578e-03 -9.999565e-01 1.293627e-03 6.751667e-01 -5.670327e-03 -1.346033e-03 -9.999830e-01 6.880264e-02 9.999413e-01 9.228085e-03 -5.682512e-03 9.480455e+00
4.108465e-03 -9.999874e-01 2.890838e-03 6.967694e-01 -6.933799e-03 -2.919280e-03 -9.999717e-01 6.692385e-02 9.999675e-01 4.088304e-03 -6.945706e-03 9.562543e+00
-2.225825e-03 -9.999969e-01 1.133491e-03 6.956242e-01 -6.765244e-03 -1.118409e-03 -9.999765e-01 6.919550e-02 9.999747e-01 -2.233441e-03 -6.762734e-03 9.694432e+00
-8.325217e-03 -9.999620e-01 2.590349e-03 6.942823e-01 -7.491512e-03 -2.527996e-03 -9.999688e-01 5.963296e-02 9.999373e-01 -8.344362e-03 -7.470181e-03 9.775040e+00
-1.556122e-02 -9.998702e-01 4.164840e-03 7.082037e-01 -5.928410e-03 -4.073007e-03 -9.999741e-01 6.645595e-02 9.998614e-01 -1.558551e-02 -5.864260e-03 9.867725e+00
-1.946981e-02 -9.998084e-01 2.040817e-03 7.374489e-01 -8.391883e-03 -1.877713e-03 -9.999630e-01 6.959384e-02 9.997752e-01 -1.948621e-02 -8.353716e-03 9.956504e+00
-2.318135e-02 -9.997296e-01 1.858993e-03 7.519062e-01 -4.943553e-03 -1.744841e-03 -9.999862e-01 6.975225e-02 9.997191e-01 -2.319022e-02 -4.901768e-03 1.004654e+01
-2.638393e-02 -9.996510e-01 1.362285e-03 7.611004e-01 -3.265092e-03 -1.276576e-03 -9.999939e-01 7.060089e-02 9.996465e-01 -2.638822e-02 -3.230271e-03 1.008832e+01
-3.228520e-02 -9.994760e-01 2.346154e-03 7.627881e-01 -6.487270e-03 -2.137777e-03 -9.999767e-01 5.930744e-02 9.994577e-01 -3.229966e-02 -6.414852e-03 1.024028e+01
-3.658058e-02 -9.993269e-01 2.764543e-03 7.724831e-01 -1.054446e-02 -2.380261e-03 -9.999416e-01 7.385150e-02 9.992751e-01 -3.660759e-02 -1.045029e-02 1.034141e+01
-4.040822e-02 -9.991786e-01 3.038157e-03 7.911814e-01 -1.053599e-02 -2.614384e-03 -9.999411e-01 6.997065e-02 9.991277e-01 -4.043785e-02 -1.042169e-02 1.042293e+01
-3.727200e-02 -9.992976e-01 3.874011e-03 8.430415e-01 -9.801361e-03 -3.510950e-03 -9.999458e-01 8.304358e-02 9.992571e-01 -3.730795e-02 -9.663616e-03 1.053995e+01
-2.920178e-02 -9.995729e-01 1.132554e-03 8.547699e-01 -6.226530e-03 -9.511121e-04 -9.999802e-01 8.444945e-02 9.995542e-01 -2.920825e-02 -6.196097e-03 1.065194e+01
-2.646734e-02 -9.996496e-01 4.480929e-04 8.766336e-01 -4.769233e-03 -3.219717e-04 -9.999886e-01 8.048850e-02 9.996383e-01 -2.646917e-02 -4.759040e-03 1.069180e+01
-2.675750e-02 -9.996399e-01 2.005505e-03 8.621742e-01 -7.014875e-03 -1.818407e-03 -9.999737e-01 7.715958e-02 9.996173e-01 -2.677087e-02 -6.963694e-03 1.078696e+01
-2.859342e-02 -9.995810e-01 4.499945e-03 8.502033e-01 -1.075785e-02 -4.193798e-03 -9.999334e-01 7.711797e-02 9.995332e-01 -2.863992e-02 -1.063342e-02 1.086612e+01
-3.065873e-02 -9.995210e-01 4.229376e-03 8.411319e-01 -1.103112e-02 -3.892752e-03 -9.999316e-01 7.480405e-02 9.994690e-01 -3.070329e-02 -1.090648e-02 1.095951e+01
-3.264499e-02 -9.994647e-01 2.165771e-03 8.459751e-01 -7.148240e-03 -1.933393e-03 -9.999726e-01 7.685208e-02 9.994414e-01 -3.265958e-02 -7.081298e-03 1.104819e+01
-3.389097e-02 -9.994209e-01 3.027153e-03 8.506500e-01 -7.978842e-03 -2.758232e-03 -9.999644e-01 7.947283e-02 9.993937e-01 -3.391392e-02 -7.880743e-03 1.114311e+01
-3.234170e-02 -9.994692e-01 3.913223e-03 8.626189e-01 -9.399446e-03 -3.610947e-03 -9.999493e-01 8.730067e-02 9.994327e-01 -3.237685e-02 -9.277673e-03 1.124170e+01
-2.814701e-02 -9.995977e-01 3.498353e-03 8.897312e-01 -7.727467e-03 -3.282045e-03 -9.999648e-01 8.182537e-02 9.995739e-01 -2.817305e-02 -7.631978e-03 1.139382e+01
-2.250768e-02 -9.997391e-01 3.901513e-03 8.919824e-01 -6.806382e-03 -3.749177e-03 -9.999698e-01 8.199314e-02 9.997235e-01 -2.253356e-02 -6.720220e-03 1.146178e+01
-1.511590e-02 -9.998804e-01 3.252424e-03 9.199748e-01 -8.400154e-03 -3.125691e-03 -9.999598e-01 8.798587e-02 9.998505e-01 -1.514261e-02 -8.351902e-03 1.157978e+01
-1.262678e-02 -9.999197e-01 1.103621e-03 9.153748e-01 -9.199058e-03 -9.874990e-04 -9.999572e-01 8.521272e-02 9.998780e-01 -1.263640e-02 -9.185850e-03 1.163937e+01
-1.444139e-02 -9.998957e-01 1.167787e-04 9.223418e-01 -9.699582e-03 2.330466e-05 -9.999530e-01 8.816052e-02 9.998487e-01 -1.444184e-02 -9.698907e-03 1.171704e+01
-2.138490e-02 -9.997697e-01 1.805273e-03 9.114448e-01 -9.531532e-03 -1.601726e-03 -9.999533e-01 9.676183e-02 9.997259e-01 -2.140111e-02 -9.495084e-03 1.179407e+01
-2.588113e-02 -9.996625e-01 2.276834e-03 9.093055e-01 -7.823326e-03 -2.074983e-03 -9.999672e-01 1.049891e-01 9.996344e-01 -2.589809e-02 -7.766982e-03 1.187717e+01
-2.530173e-02 -9.996762e-01 2.702096e-03 9.121853e-01 -8.636167e-03 -2.484281e-03 -9.999596e-01 9.877221e-02 9.996426e-01 -2.532404e-02 -8.570515e-03 1.197929e+01
-1.927532e-02 -9.998127e-01 1.760747e-03 9.348437e-01 -9.621374e-03 -1.575503e-03 -9.999525e-01 1.023478e-01 9.997679e-01 -1.929135e-02 -9.589204e-03 1.207237e+01
-1.210933e-02 -9.999255e-01 1.527898e-03 9.536716e-01 -9.383462e-03 -1.414307e-03 -9.999550e-01 9.927958e-02 9.998826e-01 -1.212312e-02 -9.365638e-03 1.215480e+01
-7.749210e-03 -9.999681e-01 1.962309e-03 9.533115e-01 -9.525212e-03 -1.888464e-03 -9.999529e-01 9.645621e-02 9.999246e-01 -7.767536e-03 -9.510274e-03 1.223962e+01
-5.790499e-03 -9.999825e-01 1.157804e-03 9.682727e-01 -7.331484e-03 -1.115338e-03 -9.999725e-01 9.776323e-02 9.999564e-01 -5.798828e-03 -7.324898e-03 1.231837e+01
-5.524401e-03 -9.999838e-01 1.341818e-03 9.550064e-01 -6.227448e-03 -1.307409e-03 -9.999797e-01 9.743164e-02 9.999654e-01 -5.532645e-03 -6.220124e-03 1.238508e+01
-7.213453e-03 -9.999721e-01 1.944060e-03 9.568338e-01 -8.412724e-03 -1.883355e-03 -9.999629e-01 1.025682e-01 9.999386e-01 -7.229540e-03 -8.398904e-03 1.247216e+01
-1.155195e-02 -9.999276e-01 3.360235e-03 9.419120e-01 -1.137074e-02 -3.228880e-03 -9.999301e-01 1.088977e-01 9.998686e-01 -1.158935e-02 -1.133262e-02 1.255631e+01
-2.018572e-02 -9.997891e-01 3.784453e-03 9.457814e-01 -1.151530e-02 -3.552483e-03 -9.999274e-01 1.082447e-01 9.997299e-01 -2.022783e-02 -1.144117e-02 1.261195e+01
-2.940351e-02 -9.995638e-01 2.756655e-03 9.626670e-01 -9.011419e-03 -2.492654e-03 -9.999563e-01 1.014542e-01 9.995270e-01 -2.942706e-02 -8.934195e-03 1.266538e+01
-3.555609e-02 -9.993665e-01 1.543456e-03 9.607382e-01 -7.737942e-03 -1.269082e-03 -9.999692e-01 1.013013e-01 9.993377e-01 -3.556694e-02 -7.687916e-03 1.273535e+01
-3.985612e-02 -9.992042e-01 1.564719e-03 9.702790e-01 -1.012571e-02 -1.161991e-03 -9.999481e-01 1.090370e-01 9.991542e-01 -3.986989e-02 -1.007134e-02 1.284316e+01
-4.511608e-02 -9.989792e-01 2.257077e-03 9.851251e-01 -9.866023e-03 -1.813699e-03 -9.999497e-01 1.012715e-01 9.989330e-01 -4.513608e-02 -9.774124e-03 1.294597e+01
-5.002508e-02 -9.987442e-01 2.742886e-03 9.959611e-01 -6.842907e-03 -2.403515e-03 -9.999737e-01 1.000194e-01 9.987245e-01 -5.004254e-02 -6.714078e-03 1.302688e+01
-5.382431e-02 -9.985479e-01 2.273497e-03 9.967530e-01 -7.453507e-03 -1.874972e-03 -9.999704e-01 1.073201e-01 9.985226e-01 -5.383966e-02 -7.341764e-03 1.310023e+01
-5.517739e-02 -9.984732e-01 2.613664e-03 1.013146e+00 -1.061409e-02 -2.030955e-03 -9.999416e-01 1.094646e-01 9.984202e-01 -5.520191e-02 -1.048582e-02 1.319429e+01
-5.517120e-02 -9.984738e-01 2.479939e-03 1.028228e+00 -1.066322e-02 -1.894382e-03 -9.999413e-01 1.081035e-01 9.984199e-01 -5.519441e-02 -1.054243e-02 1.328755e+01
-5.203258e-02 -9.986441e-01 1.607352e-03 1.036016e+00 -7.979005e-03 -1.193750e-03 -9.999675e-01 1.125694e-01 9.986135e-01 -5.204371e-02 -7.906072e-03 1.337797e+01
-4.664683e-02 -9.989091e-01 2.184677e-03 1.053441e+00 -8.992909e-03 -1.767023e-03 -9.999580e-01 1.112298e-01 9.988710e-01 -4.666451e-02 -8.900672e-03 1.348720e+01
-3.720170e-02 -9.992990e-01 4.170024e-03 1.066684e+00 -9.765896e-03 -3.809157e-03 -9.999450e-01 1.065380e-01 9.992601e-01 -3.724038e-02 -9.617344e-03 1.359499e+01
-2.566119e-02 -9.996602e-01 4.580392e-03 1.088197e+00 -9.471202e-03 -4.338575e-03 -9.999458e-01 1.066536e-01 9.996258e-01 -2.570317e-02 -9.356651e-03 1.368980e+01
-1.619179e-02 -9.998659e-01 2.454609e-03 1.095951e+00 -9.400077e-03 -2.302599e-03 -9.999532e-01 1.095626e-01 9.998247e-01 -1.621410e-02 -9.361533e-03 1.379656e+01
-7.040327e-03 -9.999743e-01 1.356761e-03 1.110411e+00 -1.009679e-02 -1.285639e-03 -9.999482e-01 1.068103e-01 9.999242e-01 -7.053662e-03 -1.008748e-02 1.388977e+01
2.992830e-03 -9.999949e-01 1.134897e-03 1.110782e+00 -1.293291e-02 -1.173513e-03 -9.999157e-01 1.056146e-01 9.999119e-01 2.977900e-03 -1.293636e-02 1.398280e+01
1.320631e-02 -9.999112e-01 1.746156e-03 1.117817e+00 -1.289740e-02 -1.916505e-03 -9.999150e-01 1.077487e-01 9.998296e-01 1.318267e-02 -1.292157e-02 1.407830e+01
1.897113e-02 -9.998181e-01 1.939612e-03 1.108379e+00 -1.060556e-02 -2.141087e-03 -9.999415e-01 1.003495e-01 9.997638e-01 1.894945e-02 -1.064424e-02 1.413981e+01
2.297030e-02 -9.997348e-01 1.623872e-03 1.115649e+00 -1.079781e-02 -1.872300e-03 -9.999400e-01 1.046732e-01 9.996778e-01 2.295139e-02 -1.083796e-02 1.420106e+01
2.752231e-02 -9.996212e-01 2.279813e-04 1.121325e+00 -9.579744e-03 -4.918138e-04 -9.999540e-01 1.065940e-01 9.995753e-01 2.751886e-02 -9.589652e-03 1.426358e+01
3.358626e-02 -9.994358e-01 -3.970872e-05 1.136506e+00 -7.704391e-03 -2.191778e-04 -9.999703e-01 1.076525e-01 9.994061e-01 3.358557e-02 -7.707405e-03 1.431641e+01
3.933332e-02 -9.992262e-01 -1.356746e-04 1.141766e+00 -7.666078e-03 -1.659901e-04 -9.999706e-01 1.043416e-01 9.991967e-01 3.933321e-02 -7.666674e-03 1.440169e+01
4.065740e-02 -9.991691e-01 2.862389e-03 1.129867e+00 -1.394711e-02 -3.431998e-03 -9.998968e-01 1.035995e-01 9.990758e-01 4.061328e-02 -1.407506e-02 1.453547e+01
2.709959e-02 -9.996161e-01 5.755941e-03 1.103773e+00 -1.388107e-02 -6.133804e-03 -9.998848e-01 9.818986e-02 9.995363e-01 2.701657e-02 -1.404196e-02 1.457428e+01
-7.144938e-04 -9.999869e-01 5.064714e-03 1.069231e+00 -1.175193e-02 -5.055969e-03 -9.999182e-01 1.036714e-01 9.999307e-01 -7.739555e-04 -1.174816e-02 1.458077e+01
-2.801291e-02 -9.996051e-01 2.238903e-03 1.092719e+00 -1.069202e-02 -1.940022e-03 -9.999409e-01 1.057463e-01 9.995504e-01 -2.803520e-02 -1.063345e-02 1.463776e+01
-5.205314e-02 -9.986430e-01 1.589936e-03 1.094434e+00 -1.196025e-02 -9.685671e-04 -9.999280e-01 1.024505e-01 9.985727e-01 -5.206841e-02 -1.189361e-02 1.472919e+01
-7.319613e-02 -9.973130e-01 3.020745e-03 1.109448e+00 -1.399255e-02 -2.001621e-03 -9.999001e-01 9.973201e-02 9.972194e-01 -7.323108e-02 -1.380844e-02 1.483807e+01
-8.719851e-02 -9.961876e-01 2.586843e-03 1.130779e+00 -1.396236e-02 -1.374330e-03 -9.999016e-01 1.025151e-01 9.960931e-01 -8.722605e-02 -1.378929e-02 1.493434e+01
-9.401976e-02 -9.955654e-01 3.122501e-03 1.147187e+00 -1.528995e-02 -1.692077e-03 -9.998817e-01 1.112629e-01 9.954529e-01 -9.405638e-02 -1.506306e-02 1.503426e+01
-9.446910e-02 -9.955208e-01 3.742541e-03 1.149166e+00 -1.366421e-02 -2.462365e-03 -9.999036e-01 1.181161e-01 9.954340e-01 -9.451113e-02 -1.337038e-02 1.509525e+01
-8.822025e-02 -9.960960e-01 3.150249e-03 1.185201e+00 -1.247709e-02 -2.057297e-03 -9.999201e-01 1.150457e-01 9.960228e-01 -8.825250e-02 -1.224689e-02 1.523922e+01
-8.099394e-02 -9.967133e-01 1.579519e-03 1.215522e+00 -1.317588e-02 -5.139043e-04 -9.999130e-01 1.081957e-01 9.966275e-01 -8.100771e-02 -1.309095e-02 1.534276e+01
-6.873579e-02 -9.976337e-01 1.534030e-03 1.233962e+00 -1.332721e-02 -6.193023e-04 -9.999110e-01 1.062156e-01 9.975459e-01 -6.875012e-02 -1.325311e-02 1.544493e+01
-5.689412e-02 -9.983802e-01 -1.172815e-05 1.232671e+00 -1.302533e-02 7.540130e-04 -9.999149e-01 1.080961e-01 9.982952e-01 -5.688913e-02 -1.304713e-02 1.549928e+01
-4.521648e-02 -9.989754e-01 1.889599e-03 1.249784e+00 -1.328037e-02 -1.290261e-03 -9.999110e-01 1.074754e-01 9.988889e-01 -4.523755e-02 -1.320843e-02 1.559864e+01
-3.435718e-02 -9.994066e-01 2.452199e-03 1.280458e+00 -1.043719e-02 -2.094710e-03 -9.999433e-01 1.081379e-01 9.993551e-01 -3.438082e-02 -1.035903e-02 1.569682e+01
-2.452242e-02 -9.996967e-01 2.274500e-03 1.274225e+00 -1.080739e-02 -2.009949e-03 -9.999396e-01 1.086603e-01 9.996409e-01 -2.454552e-02 -1.075483e-02 1.578839e+01
-1.792304e-02 -9.998371e-01 2.142783e-03 1.284798e+00 -1.236435e-02 -1.921321e-03 -9.999217e-01 1.087084e-01 9.997629e-01 -1.794813e-02 -1.232790e-02 1.586948e+01
-1.225721e-02 -9.999220e-01 2.371217e-03 1.287235e+00 -1.271640e-02 -2.215324e-03 -9.999167e-01 1.068866e-01 9.998440e-01 -1.228635e-02 -1.268826e-02 1.595506e+01
-2.793966e-03 -9.999932e-01 2.400467e-03 1.290790e+00 -1.285705e-02 -2.364356e-03 -9.999145e-01 1.135054e-01 9.999135e-01 -2.824590e-03 -1.285036e-02 1.605773e+01
7.138869e-03 -9.999716e-01 2.418701e-03 1.286550e+00 -1.203761e-02 -2.504524e-03 -9.999244e-01 1.149490e-01 9.999021e-01 7.109214e-03 -1.205515e-02 1.613927e+01
