0.000000e+00 -1.000000e+00 0.000000e+00 0.000000e+00 0.000000e+00 0.000000e+00 -1.000000e+00 0.000000e+00 1.000000e+00 0.000000e+00 0.000000e+00 0.000000e+00
9.440563e-04 -9.999996e-01 -5.043839e-05 -3.223496e-03 -1.080807e-03 4.941805e-05 -9.999994e-01 -1.406771e-03 9.999990e-01 9.441103e-04 -1.080760e-03 -2.217322e-03
5.825971e-04 -9.999997e-01 5.423445e-04 -8.809048e-04 2.473087e-05 -5.423301e-04 -9.999999e-01 -6.329656e-03 9.999998e-01 5.826104e-04 2.441491e-05 -4.195582e-03
3.000608e-04 -9.999999e-01 -9.013613e-05 1.623210e-03 -2.985159e-04 9.004655e-05 -9.999999e-01 -5.002981e-03 9.999999e-01 3.000877e-04 -2.984889e-04 -5.795937e-03
-2.426729e-04 -9.999999e-01 -4.698012e-04 9.223144e-03 2.707748e-04 4.697354e-04 -9.999999e-01 -6.026705e-03 9.999999e-01 -2.428001e-04 2.706608e-04 -3.833327e-03
1.021029e-03 -9.999995e-01 -1.292470e-04 3.989483e-03 -2.068374e-03 1.271349e-04 -9.999979e-01 -7.888416e-03 9.999973e-01 1.021295e-03 -2.068243e-03 -5.610813e-03
-4.421735e-04 -9.999996e-01 7.816689e-04 4.877985e-03 -6.198437e-04 -7.813947e-04 -9.999995e-01 -6.763336e-03 9.999997e-01 -4.426578e-04 -6.194978e-04 -3.159750e-03
-1.718379e-04 -9.999998e-01 5.362714e-04 3.716236e-03 -9.570503e-04 -5.361067e-04 -9.999994e-01 -5.923721e-03 9.999995e-01 -1.723510e-04 -9.569580e-04 -8.725870e-03
8.610270e-04 -9.999994e-01 6.391193e-04 3.354283e-03 -1.721759e-03 -6.406011e-04 -9.999983e-01 -6.296176e-03 9.999982e-01 8.599251e-04 -1.722310e-03 -7.426713e-03
2.832443e-04 -9.999999e-01 -4.127582e-04 5.707779e-03 -1.072484e-04 4.127278e-04 -9.999999e-01 -5.798801e-03 9.999999e-01 2.832886e-04 -1.071315e-04 -2.492332e-03
1.294903e-03 -9.999989e-01 -7.944377e-04 6.981915e-03 -5.868147e-04 7.936784e-04 -9.999995e-01 -9.279277e-03 9.999990e-01 1.295369e-03 -5.857862e-04 -3.618975e-03
7.103777e-05 -1.000000e+00 -1.424592e-06 6.413718e-03 -7.543211e-04 1.371006e-06 -9.999997e-01 -7.747264e-03 9.999997e-01 7.103882e-05 -7.543210e-04 -6.564355e-03
8.417397e-04 -9.999996e-01 3.755149e-04 4.224899e-03 -1.228355e-03 -3.765486e-04 -9.999992e-01 -6.901495e-03 9.999989e-01 8.412778e-04 -1.228671e-03 -3.459308e-03
1.054920e-03 -9.999992e-01 -7.126803e-04 -1.036053e-03 3.716687e-04 7.130728e-04 -9.999997e-01 -1.028167e-02 9.999994e-01 1.054655e-03 3.724207e-04 -1.743884e-03
1.210597e-03 -9.999992e-01 -2.359142e-04 -8.604317e-03 1.105196e-03 2.372522e-04 -9.999993e-01 -9.630469e-03 9.999986e-01 1.210335e-03 1.105482e-03 4.515232e-03
1.217550e-03 -9.999975e-01 1.865039e-03 -1.774352e-03 -1.334375e-04 -1.865203e-03 -9.999983e-01 -9.536303e-03 9.999992e-01 1.217299e-03 -1.357081e-04 -1.603465e-03
1.754483e-03 -9.999976e-01 1.349062e-03 -4.455516e-03 1.223983e-04 -1.348850e-03 -9.999991e-01 -2.224106e-03 9.999985e-01 1.754646e-03 1.200314e-04 1.254698e-03
1.937055e-03 -9.999980e-01 4.291593e-04 1.184370e-03 5.273296e-04 -4.281386e-04 -9.999998e-01 -5.458626e-03 9.999980e-01 1.937281e-03 5.264992e-04 -8.621970e-03
2.008419e-03 -9.999955e-01 2.218263e-03 -3.713364e-03 5.240580e-04 -2.217214e-03 -9.999974e-01 -9.996063e-03 9.999979e-01 2.009577e-03 5.196026e-04 -6.290370e-03
3.299402e-04 -9.999999e-01 3.636782e-04 -3.958627e-05 -4.872812e-04 -3.638389e-04 -9.999998e-01 -1.487937e-02 9.999998e-01 3.297630e-04 -4.874012e-04 -6.776620e-03
-9.514935e-04 -9.999993e-01 7.178683e-04 1.761810e-03 -6.763290e-04 -7.172250e-04 -9.999995e-01 -1.175199e-02 9.999993e-01 -9.519786e-04 -6.756461e-04 -8.441022e-03
-4.352203e-04 -9.999976e-01 2.175410e-03 -1.115511e-03 -1.370701e-03 -2.174812e-03 -9.999967e-01 -1.197405e-02 9.999990e-01 -4.382007e-04 -1.369751e-03 -1.342559e-02
-1.610752e-03 -9.999986e-01 4.653533e-04 5.002693e-03 3.388269e-04 -4.658996e-04 -9.999998e-01 -7.874895e-03 9.999986e-01 -1.610594e-03 3.395769e-04 -1.402111e-02
-1.664467e-06 -9.999946e-01 -3.294014e-03 4.159464e-03 1.470500e-03 3.294008e-03 -9.999935e-01 -1.225760e-02 9.999989e-01 -6.508303e-06 1.470486e-03 7.961699e-03
-9.044108e-04 -9.999942e-01 3.294192e-03 7.048924e-03 -1.569251e-03 -3.292770e-03 -9.999933e-01 -7.897864e-03 9.999983e-01 -9.095742e-04 -1.566264e-03 5.855709e-03
4.360050e-04 -9.999998e-01 -3.297594e-04 1.328319e-02 -1.315561e-03 3.291856e-04 -9.999991e-01 -6.848105e-03 9.999990e-01 4.364384e-04 -1.315417e-03 1.784376e-03
-1.779388e-04 -1.000000e+00 -9.663271e-05 1.518401e-02 -3.191885e-04 9.668949e-05 -9.999999e-01 -1.497458e-02 9.999999e-01 -1.779079e-04 -3.192057e-04 4.047983e-03
-8.756335e-04 -9.999988e-01 1.275431e-03 9.710281e-03 9.814979e-04 -1.276290e-03 -9.999987e-01 -1.500719e-02 9.999991e-01 -8.743805e-04 9.826144e-04 2.682714e-03
-2.080595e-04 -9.999999e-01 -2.627742e-04 8.571875e-03 -3.875078e-04 2.628548e-04 -9.999999e-01 -1.562923e-02 9.999999e-01 -2.079576e-04 -3.875624e-04 2.551146e-03
4.181523e-04 -9.999999e-01 -5.946776e-05 1.348956e-02 -8.873701e-04 5.909668e-05 -9.999996e-01 -1.520033e-02 9.999995e-01 4.182049e-04 -8.873453e-04 -2.689542e-03
1.288227e-03 -9.999990e-01 6.151934e-04 1.147148e-02 4.552328e-04 -6.146074e-04 -9.999997e-01 -1.350732e-02 9.999990e-01 1.288507e-03 4.544406e-04 1.327089e-03
7.110338e-04 -9.999981e-01 1.806154e-03 7.970599e-03 1.192009e-03 -1.805305e-03 -9.999977e-01 -1.758164e-02 9.999990e-01 7.131851e-04 1.190723e-03 4.634656e-03
6.046327e-04 -9.999994e-01 8.947380e-04 9.326248e-03 -1.363094e-04 -8.948206e-04 -9.999996e-01 -1.496666e-02 9.999998e-01 6.045105e-04 -1.368504e-04 -2.985017e-03
-4.917979e-04 -9.999902e-01 4.392531e-03 2.346647e-03 8.859059e-04 -4.392965e-03 -9.999900e-01 -1.605119e-02 9.999995e-01 -4.879016e-04 8.880577e-04 2.036161e-04
8.552879e-04 -9.999994e-01 -6.718178e-04 6.065871e-03 3.568301e-04 6.721232e-04 -9.999997e-01 -1.599074e-02 9.999996e-01 8.550480e-04 3.574048e-04 3.066112e-03
7.226552e-04 -9.999994e-01 8.102951e-04 5.030258e-03 4.959375e-04 -8.099368e-04 -9.999995e-01 -1.717638e-02 9.999996e-01 7.230567e-04 4.953519e-04 -2.126727e-04
5.032338e-04 -9.999994e-01 9.458432e-04 3.409197e-03 -7.411368e-04 -9.462160e-04 -9.999993e-01 -1.577586e-02 9.999996e-01 5.025324e-04 -7.416126e-04 6.093369e-04
6.053537e-04 -9.999996e-01 5.434343e-04 5.220548e-03 3.029947e-04 -5.432510e-04 -9.999998e-01 -1.688478e-02 9.999998e-01 6.055183e-04 3.026657e-04 -1.812790e-03
2.828392e-05 -1.000000e+00 -1.975113e-04 6.386823e-03 -2.600251e-04 1.975039e-04 -9.999999e-01 -1.567471e-02 9.999999e-01 2.833528e-05 -2.600195e-04 -1.226962e-03
1.291495e-03 -9.999990e-01 4.442310e-04 5.569062e-03 -2.765550e-05 -4.442671e-04 -9.999999e-01 -1.658938e-02 9.999992e-01 1.291483e-03 -2.822924e-05 -1.740045e-04
1.493825e-03 -9.999986e-01 -6.814725e-04 4.387903e-03 1.306925e-04 6.816685e-04 -9.999998e-01 -1.674532e-02 9.999989e-01 1.493736e-03 1.317106e-04 1.111275e-03
1.371982e-03 -9.999990e-01 -2.244618e-04 3.752670e-03 9.968180e-04 2.258295e-04 -9.999995e-01 -1.634663e-02 9.999986e-01 1.371757e-03 9.971268e-04 4.697119e-04
2.148806e-03 -9.999968e-01 1.366192e-03 -5.187083e-04 4.245911e-04 -1.365283e-03 -9.999990e-01 -1.657363e-02 9.999976e-01 2.149384e-03 4.216559e-04 -2.081429e-03
1.144744e-03 -9.999989e-01 9.735358e-04 -4.935132e-04 5.651087e-04 -9.728894e-04 -9.999993e-01 -1.594808e-02 9.999992e-01 1.145293e-03 5.639944e-04 -5.131491e-03
7.376701e-04 -9.999997e-01 1.850745e-04 -4.254567e-03 -1.345336e-03 -1.860668e-04 -9.999991e-01 -1.177537e-02 9.999988e-01 7.374204e-04 -1.345473e-03 2.079551e-03
9.459376e-04 -9.999985e-01 1.446146e-03 1.976482e-03 -4.375248e-04 -1.446560e-03 -9.999989e-01 -1.614038e-02 9.999995e-01 9.453038e-04 -4.388925e-04 -6.055107e-03
8.581655e-04 -9.999996e-01 1.381612e-04 1.658177e-04 4.763113e-04 -1.377525e-04 -9.999999e-01 -1.674149e-02 9.999995e-01 8.582312e-04 4.761929e-04 2.732737e-03
2.868443e-04 -9.999995e-01 -9.144509e-04 1.414319e-03 1.592635e-03 9.149066e-04 -9.999983e-01 -1.689788e-02 9.999987e-01 2.853874e-04 1.592896e-03 1.656055e-03
1.313296e-04 -9.999997e-01 7.532695e-04 -3.557528e-03 1.973391e-04 -7.532436e-04 -9.999997e-01 -1.308178e-02 1.000000e+00 1.314783e-04 1.972401e-04 1.138854e-02
9.554090e-04 -9.999991e-01 9.620796e-04 -9.134890e-03 1.272032e-03 -9.608640e-04 -9.999987e-01 -1.508265e-02 9.999987e-01 9.566316e-04 1.271113e-03 9.434981e-03
5.113733e-03 -9.999864e-01 -1.085832e-03 -1.704563e-02 1.459438e-03 1.093308e-03 -9.999983e-01 -1.569352e-02 9.999859e-01 5.112139e-03 1.465009e-03 3.732488e-02
7.043528e-03 -9.999751e-01 2.756376e-04 -2.034130e-02 -1.712674e-03 -2.877076e-04 -9.999985e-01 -8.680366e-03 9.999737e-01 7.043046e-03 -1.714658e-03 3.743774e-02
1.409900e-02 -9.998633e-01 -8.634050e-03 -2.517155e-02 1.464107e-03 8.655543e-03 -9.999615e-01 -1.785517e-02 9.998995e-01 1.408582e-02 1.585942e-03 5.632549e-02
1.697597e-02 -9.998395e-01 -5.732837e-03 -3.694572e-02 2.597683e-03 5.777748e-03 -9.999799e-01 -2.225154e-02 9.998525e-01 1.696073e-02 2.695349e-03 5.500491e-02
1.905290e-02 -9.998178e-01 -1.173548e-03 -3.834420e-02 1.650425e-04 1.176907e-03 -9.999993e-01 -3.192821e-02 9.998184e-01 1.905269e-02 1.874359e-04 4.847859e-02
1.913530e-02 -9.998156e-01 1.595014e-03 -4.213637e-02 -5.526277e-04 -1.605882e-03 -9.999986e-01 -2.786422e-02 9.998168e-01 1.913439e-02 -5.832548e-04 5.387910e-02
2.169710e-02 -9.997644e-01 -5.510045e-04 -3.598248e-02 3.885037e-04 5.595657e-04 -9.999998e-01 -2.961378e-02 9.997645e-01 2.169688e-02 4.005532e-04 5.609584e-02
2.558348e-02 -9.996628e-01 -4.452101e-03 -3.828445e-02 2.325125e-03 4.513050e-03 -9.999871e-01 -3.137548e-02 9.996700e-01 2.557280e-02 2.439800e-03 6.347287e-02
3.074673e-02 -9.995261e-01 -1.457641e-03 -5.612908e-02 3.807398e-03 1.575440e-03 -9.999915e-01 -2.946590e-02 9.995199e-01 3.074092e-02 3.854034e-03 7.475527e-02
3.410789e-02 -9.994181e-01 -2.557301e-04 -5.844086e-02 1.509264e-03 3.073865e-04 -9.999988e-01 -2.835061e-02 9.994170e-01 3.410747e-02 1.518870e-03 8.980254e-02
3.794418e-02 -9.992798e-01 4.033458e-04 -6.133442e-02 1.425503e-03 -3.495076e-04 -9.999989e-01 -3.126306e-02 9.992788e-01 3.794472e-02 1.411215e-03 9.468188e-02
4.038003e-02 -9.991843e-01 4.361182e-04 -6.683247e-02 -2.385530e-04 -4.461148e-04 -9.999999e-01 -3.161771e-02 9.991844e-01 4.037993e-02 -2.563725e-04 9.584184e-02
4.497087e-02 -9.989880e-01 7.217264e-04 -6.527887e-02 3.329077e-03 -5.725902e-04 -9.999943e-01 -3.475202e-02 9.989827e-01 4.497302e-02 3.299958e-03 1.004875e-01
4.840326e-02 -9.988275e-01 8.599693e-04 -6.127152e-02 7.532164e-04 -8.244773e-04 -9.999994e-01 -3.466840e-02 9.988276e-01 4.840388e-02 7.124259e-04 1.128882e-01
5.510215e-02 -9.984807e-01 4.313094e-05 -6.029491e-02 2.778716e-04 -2.786194e-05 -9.999999e-01 -3.168946e-02 9.984807e-01 5.510216e-02 2.759142e-04 1.275774e-01
6.712215e-02 -9.977427e-01 2.057527e-03 -6.154901e-02 -2.950162e-03 -2.260637e-03 -9.999931e-01 -2.558308e-02 9.977404e-01 6.711561e-02 -3.095241e-03 1.436951e-01
9.019883e-02 -9.959217e-01 2.051672e-03 -5.492976e-02 1.557709e-04 -2.045962e-03 -9.999979e-01 -3.754850e-02 9.959238e-01 9.019896e-02 -2.940776e-05 1.632836e-01
1.062878e-01 -9.943286e-01 3.688398e-03 -4.604026e-02 -4.695909e-04 -3.759606e-03 -9.999928e-01 -3.125458e-02 9.943353e-01 1.062853e-01 -8.665279e-04 1.682044e-01
1.079616e-01 -9.941540e-01 -1.426475e-03 -5.134189e-02 -5.310369e-05 1.429094e-03 -9.999990e-01 -2.440383e-02 9.941550e-01 1.079616e-01 1.014941e-04 1.569334e-01
1.072966e-01 -9.942260e-01 1.476176e-03 -4.771925e-02 4.665324e-04 -1.434399e-03 -9.999989e-01 -3.091243e-02 9.942269e-01 1.072971e-01 3.099326e-04 1.375035e-01
1.056731e-01 -9.944006e-01 7.899333e-04 -3.620545e-02 2.190059e-04 -7.711077e-04 -9.999997e-01 -3.471173e-02 9.944009e-01 1.056732e-01 1.362942e-04 1.380378e-01
1.061108e-01 -9.943529e-01 -1.682218e-03 -4.254531e-02 -2.766913e-04 1.662242e-03 -9.999986e-01 -4.118274e-02 9.943542e-01 1.061111e-01 -9.874690e-05 1.289574e-01
1.045305e-01 -9.945200e-01 1.816459e-03 -4.432720e-02 -1.966058e-03 -2.033107e-03 -9.999960e-01 -3.182192e-02 9.945197e-01 1.045265e-01 -2.167806e-03 1.267995e-01
9.893916e-02 -9.950858e-01 3.907243e-03 -3.393077e-02 1.478413e-03 -3.779511e-03 -9.999918e-01 -3.806916e-02 9.950924e-01 9.894412e-02 1.097206e-03 1.146653e-01
9.820365e-02 -9.951572e-01 4.251005e-03 -3.014939e-02 -2.536560e-03 -4.521946e-03 -9.999865e-01 -3.515590e-02 9.951631e-01 9.819155e-02 -2.968348e-03 1.065015e-01
9.103438e-02 -9.958467e-01 1.418044e-03 -4.332395e-02 5.280708e-04 -1.375683e-03 -9.999989e-01 -3.252085e-02 9.958476e-01 9.103502e-02 4.006431e-04 1.045361e-01
8.028207e-02 -9.965667e-01 2.024185e-02 -4.122613e-02 1.246283e-02 -1.930223e-02 -9.997360e-01 -2.430541e-02 9.966943e-01 8.051315e-02 1.087042e-02 9.498167e-02
6.652930e-02 -9.977791e-01 -3.274932e-03 -6.318858e-02 -7.935944e-03 2.752958e-03 -9.999647e-01 -2.648346e-02 9.977529e-01 6.655294e-02 -7.735166e-03 9.904282e-02
5.687708e-02 -9.983810e-01 6.263196e-04 -6.323113e-02 -1.108360e-03 -6.904772e-04 -9.999992e-01 -3.555069e-02 9.983806e-01 5.687634e-02 -1.145838e-03 1.111096e-01
6.248916e-02 -9.980408e-01 3.101691e-03 -6.921113e-02 -2.020003e-03 -3.234233e-03 -9.999927e-01 -4.276334e-02 9.980436e-01 6.248244e-02 -2.218150e-03 1.297994e-01
6.996230e-02 -9.975433e-01 3.565634e-03 -7.632729e-02 -7.716676e-04 -3.628511e-03 -9.999931e-01 -4.310352e-02 9.975494e-01 6.995907e-02 -1.023631e-03 1.233440e-01
7.605428e-02 -9.971029e-01 -1.255708e-03 -7.120003e-02 1.513781e-03 1.374818e-03 -9.999979e-01 -4.751606e-02 9.971026e-01 7.605223e-02 1.613956e-03 1.254064e-01
9.049865e-02 -9.958922e-01 -2.963111e-03 -7.315202e-02 -9.305628e-03 2.129578e-03 -9.999545e-01 -4.374355e-02 9.958531e-01 9.052210e-02 -9.074678e-03 1.492973e-01
1.037518e-01 -9.946031e-01 -5.321064e-04 -7.400016e-02 -1.088610e-03 4.214353e-04 -9.999993e-01 -5.117740e-02 9.946026e-01 1.037523e-01 -1.039010e-03 1.540554e-01
1.063600e-01 -9.943276e-01 4.589211e-04 -8.398382e-02 -5.611836e-03 -1.061812e-03 -9.999837e-01 -5.843999e-02 9.943119e-01 1.063557e-01 -5.692937e-03 1.565174e-01
1.096585e-01 -9.939008e-01 1.166652e-02 -7.278250e-02 -1.293216e-02 -1.316293e-02 -9.998297e-01 -5.630187e-02 9.938852e-01 1.094889e-01 -1.429671e-02 1.653209e-01
1.212398e-01 -9.925487e-01 1.216393e-02 -5.763574e-02 -1.024693e-02 -1.350515e-02 -9.998563e-01 -5.068422e-02 9.925703e-01 1.210977e-01 -1.180794e-02 1.907542e-01
1.380355e-01 -9.904160e-01 4.733155e-03 -3.465358e-02 -9.605053e-03 -6.117316e-03 -9.999352e-01 -6.663252e-02 9.903807e-01 1.379811e-01 -1.035741e-02 2.194303e-01
1.564184e-01 -9.876904e-01 -9.777572e-04 -2.370203e-02 -1.368329e-02 -1.177144e-03 -9.999057e-01 -5.894762e-02 9.875961e-01 1.564171e-01 -1.369898e-02 2.425679e-01
1.619015e-01 -9.867986e-01 -4.045584e-03 -2.054650e-02 -2.954135e-03 3.614984e-03 -9.999891e-01 -8.795576e-02 9.868025e-01 1.619117e-01 -2.329865e-03 2.571204e-01
1.595017e-01 -9.868588e-01 -2.586173e-02 -2.344326e-02 -1.893913e-02 2.313334e-02 -9.995530e-01 -8.077665e-02 9.870160e-01 1.599202e-01 -1.500044e-02 2.896205e-01
1.598877e-01 -9.858178e-01 -5.098162e-02 -7.324222e-03 -4.038252e-02 4.507072e-02 -9.981673e-01 -8.748568e-02 9.863089e-01 1.616534e-01 -3.260355e-02 3.318349e-01
1.609343e-01 -9.842899e-01 -7.261859e-02 -9.298301e-04 -6.774580e-02 6.238746e-02 -9.957501e-01 -1.086572e-01 9.846373e-01 1.651699e-01 -5.664124e-02 3.765506e-01
1.844309e-01 -9.806195e-01 -6.611042e-02 3.023706e-02 -8.609673e-02 5.088627e-02 -9.949864e-01 -1.178431e-01 9.790672e-01 1.891982e-01 -7.504313e-02 4.323094e-01
2.051420e-01 -9.775673e-01 -4.773793e-02 3.634903e-02 -1.115470e-01 2.510506e-02 -9.934420e-01 -9.504906e-02 9.723549e-01 2.091217e-01 -1.038946e-01 4.748856e-01
2.278425e-01 -9.735325e-01 -1.795265e-02 6.518430e-02 -9.354101e-02 -3.532288e-03 -9.956092e-01 -1.023935e-01 9.691944e-01 2.285214e-01 -9.187002e-02 5.222981e-01
2.395221e-01 -9.706059e-01 -2.352657e-02 7.950158e-02 -8.349305e-02 3.550203e-03 -9.965020e-01 -9.127749e-02 9.672942e-01 2.406485e-01 -8.018849e-02 5.583780e-01
2.396634e-01 -9.702411e-01 -3.455114e-02 6.055929e-02 -8.445411e-02 1.461847e-02 -9.963201e-01 -8.080260e-02 9.671758e-01 2.416994e-01 -7.843734e-02 5.690352e-01
2.413516e-01 -9.703118e-01 -1.563637e-02 4.408257e-02 -9.422367e-02 -7.394171e-03 -9.955236e-01 -9.513453e-02 9.658526e-01 2.417445e-01 -9.321094e-02 5.807262e-01
2.391965e-01 -9.708233e-01 -1.694779e-02 6.962930e-02 -9.783699e-02 -6.732597e-03 -9.951797e-01 -1.093958e-01 9.660295e-01 2.397016e-01 -9.659284e-02 6.261865e-01
2.446006e-01 -9.694387e-01 -1.895383e-02 9.223694e-02 -9.001179e-02 -3.239145e-03 -9.959354e-01 -8.984675e-02 9.654369e-01 2.453125e-01 -8.805320e-02 6.691906e-01
2.468329e-01 -9.689445e-01 -1.483696e-02 1.056630e-01 -9.275600e-02 -8.383101e-03 -9.956536e-01 -7.634523e-02 9.646087e-01 2.471363e-01 -9.194464e-02 6.971736e-01
2.502895e-01 -9.681090e-01 -1.096326e-02 1.173794e-01 -9.490675e-02 -1.326437e-02 -9.953978e-01 -6.166643e-02 9.635081e-01 2.501781e-01 -9.520001e-02 7.388185e-01
2.593566e-01 -9.656116e-01 -1.812213e-02 1.339377e-01 -1.025395e-01 -8.873548e-03 -9.946893e-01 -7.560936e-02 9.603227e-01 2.598375e-01 -1.013147e-01 7.537653e-01
2.650046e-01 -9.642190e-01 -7.368387e-03 1.575953e-01 -1.052121e-01 -2.131870e-02 -9.942213e-01 -8.733512e-02 9.584900e-01 2.642485e-01 -1.070971e-01 7.874851e-01
2.754440e-01 -9.613084e-01 4.110507e-03 1.645958e-01 -1.030757e-01 -3.378502e-02 -9.940996e-01 -8.798676e-02 9.557751e-01 2.733950e-01 -1.083934e-01 8.081700e-01
2.844219e-01 -9.586704e-01 7.438195e-03 1.664053e-01 -1.007504e-01 -3.760487e-02 -9.942008e-01 -9.588405e-02 9.533905e-01 2.820231e-01 -1.072821e-01 8.335067e-01
2.970318e-01 -9.548668e-01 1.196058e-03 1.704655e-01 -9.831144e-02 -3.182777e-02 -9.946466e-01 -9.582430e-02 9.497931e-01 2.953241e-01 -1.033282e-01 8.725143e-01
3.134876e-01 -9.495705e-01 6.426076e-03 1.801747e-01 -9.861670e-02 -3.928605e-02 -9.943497e-01 -8.219163e-02 9.444577e-01 3.110826e-01 -1.059592e-01 9.235393e-01
3.280844e-01 -9.446427e-01 -3.291243e-03 1.831995e-01 -1.007806e-01 -3.153755e-02 -9.944087e-01 -9.610792e-02 9.392571e-01 3.265817e-01 -1.055487e-01 9.596528e-01
3.403134e-01 -9.401769e-01 1.594318e-02 1.941124e-01 -1.031371e-01 -5.417443e-02 -9.931908e-01 -1.207348e-01 9.346387e-01 3.363518e-01 -1.154034e-01 1.009850e+00
3.526378e-01 -9.356859e-01 1.177048e-02 2.114539e-01 -1.149336e-01 -5.579217e-02 -9.918052e-01 -1.123169e-01 9.286748e-01 3.483952e-01 -1.272161e-01 1.034853e+00
3.599427e-01 -9.325344e-01 -2.864946e-02 2.189538e-01 -1.141114e-01 -1.352647e-02 -9.933759e-01 -8.643502e-02 9.259697e-01 3.608277e-01 -1.112816e-01 1.068044e+00
3.618375e-01 -9.313662e-01 -4.038029e-02 2.024677e-01 -1.104293e-01 1.888288e-04 -9.938840e-01 -6.181253e-02 9.256776e-01 3.640837e-01 -1.027818e-01 1.102288e+00
3.663725e-01 -9.300217e-01 -2.882420e-02 2.113301e-01 -1.053144e-01 -1.066861e-02 -9.943817e-01 -9.368520e-02 9.244891e-01 3.673498e-01 -1.018534e-01 1.148011e+00
3.671879e-01 -9.298561e-01 -2.325081e-02 2.325481e-01 -9.582791e-02 -1.295363e-02 -9.953136e-01 -9.478933e-02 9.251973e-01 3.676952e-01 -9.386259e-02 1.199703e+00
3.681766e-01 -9.294306e-01 -2.459053e-02 2.753393e-01 -9.856416e-02 -1.271771e-02 -9.950494e-01 -9.305567e-02 9.245167e-01 3.687777e-01 -9.629091e-02 1.235793e+00
3.661021e-01 -9.302124e-01 -2.596349e-02 3.025735e-01 -9.899665e-02 -1.118945e-02 -9.950249e-01 -9.604280e-02 9.252940e-01 3.668510e-01 -9.618439e-02 1.279423e+00
3.658212e-01 -9.306777e-01 -3.730952e-03 3.159755e-01 -1.085048e-01 -3.866778e-02 -9.933436e-01 -1.120219e-01 9.243385e-01 3.637910e-01 -1.151285e-01 1.301880e+00
3.537370e-01 -9.352379e-01 1.415047e-02 2.959200e-01 -9.765832e-02 -5.197498e-02 -9.938619e-01 -1.453481e-01 9.302328e-01 3.501838e-01 -1.097192e-01 1.310205e+00
3.533216e-01 -9.354280e-01 1.176301e-02 3.255204e-01 -9.218639e-02 -4.732714e-02 -9.946164e-01 -1.284376e-01 9.309487e-01 3.503351e-01 -1.029554e-01 1.326687e+00
3.461936e-01 -9.381167e-01 9.335560e-03 3.349440e-01 -7.986185e-02 -3.938330e-02 -9.960276e-01 -1.245940e-01 9.347578e-01 3.440728e-01 -8.855397e-02 1.350968e+00
3.392287e-01 -9.406713e-01 7.839909e-03 3.662095e-01 -8.121639e-02 -3.758952e-02 -9.959874e-01 -1.088763e-01 9.371914e-01 3.372308e-01 -8.914938e-02 1.380274e+00
3.384740e-01 -9.407570e-01 2.028570e-02 3.630441e-01 -8.843071e-02 -5.326435e-02 -9.946572e-01 -1.176136e-01 9.368113e-01 3.348717e-01 -1.012204e-01 1.428161e+00
3.404828e-01 -9.401019e-01 1.672704e-02 3.625966e-01 -8.962424e-02 -5.015850e-02 -9.947118e-01 -1.146584e-01 9.359695e-01 3.371831e-01 -1.013340e-01 1.452068e+00
3.425402e-01 -9.394611e-01 8.887744e-03 3.684680e-01 -8.543840e-02 -4.057005e-02 -9.955171e-01 -1.164052e-01 9.356102e-01 3.402453e-01 -9.416293e-02 1.467165e+00
3.387488e-01 -9.408250e-01 9.882742e-03 3.705363e-01 -8.434697e-02 -4.082767e-02 -9.955997e-01 -1.304432e-01 9.370885e-01 3.364246e-01 -9.318606e-02 1.507983e+00
3.382230e-01 -9.409903e-01 1.193704e-02 3.511767e-01 -8.570415e-02 -4.343183e-02 -9.953735e-01 -1.263228e-01 9.371553e-01 3.356351e-01 -9.533641e-02 1.544369e+00
3.399031e-01 -9.403967e-01 1.095367e-02 3.600719e-01 -8.669720e-02 -4.292969e-02 -9.953093e-01 -1.151059e-01 9.364558e-01 3.373591e-01 -9.612169e-02 1.588423e+00
3.440075e-01 -9.389660e-01 1.279313e-03 3.745119e-01 -8.206217e-02 -3.142219e-02 -9.961317e-01 -1.138431e-01 9.353741e-01 3.425718e-01 -8.786306e-02 1.636460e+00
3.547937e-01 -9.349272e-01 -5.713100e-03 3.902346e-01 -7.886012e-02 -2.383650e-02 -9.966007e-01 -1.135415e-01 9.316128e-01 3.540381e-01 -8.218551e-02 1.695991e+00
3.602646e-01 -9.327311e-01 -1.490593e-02 3.904080e-01 -7.254541e-02 -1.208277e-02 -9.972919e-01 -1.038606e-01 9.300250e-01 3.603703e-01 -7.201836e-02 1.725284e+00
3.551138e-01 -9.347019e-01 -1.505328e-02 3.903432e-01 -7.274520e-02 -1.157636e-02 -9.972834e-01 -1.010107e-01 9.319884e-01 3.552442e-01 -7.210600e-02 1.742757e+00
3.616969e-01 -9.321260e-01 -1.779103e-02 3.913786e-01 -6.793563e-02 -7.319459e-03 -9.976628e-01 -1.040419e-01 9.298172e-01 3.620602e-01 -6.597199e-02 1.703495e+00
3.568366e-01 -9.340924e-01 -1.179070e-02 3.869478e-01 -6.034993e-02 -1.045561e-02 -9.981225e-01 -1.004508e-01 9.322154e-01 3.568783e-01 -6.010336e-02 1.671385e+00
3.548591e-01 -9.348149e-01 -1.400432e-02 4.124847e-01 -5.667269e-02 -6.556716e-03 -9.983713e-01 -1.283941e-01 9.332005e-01 3.550748e-01 -5.530519e-02 1.697390e+00
3.604625e-01 -9.326009e-01 -1.795319e-02 3.826411e-01 -5.433808e-02 -1.780190e-03 -9.985210e-01 -1.124306e-01 9.311897e-01 3.609049e-01 -5.131743e-02 1.679901e+00
3.581690e-01 -9.333296e-01 -2.471474e-02 3.922757e-01 -5.793610e-02 4.202262e-03 -9.983115e-01 -1.192970e-01 9.318575e-01 3.589961e-01 -5.256836e-02 1.700423e+00
3.548441e-01 -9.347347e-01 -1.888516e-02 3.785906e-01 -6.404086e-02 -4.149081e-03 -9.979386e-01 -1.240895e-01 9.327295e-01 3.553221e-01 -6.133350e-02 1.684840e+00
3.534205e-01 -9.353408e-01 -1.521519e-02 3.881503e-01 -6.137172e-02 -6.953486e-03 -9.980907e-01 -1.244058e-01 9.334492e-01 3.536795e-01 -5.986098e-02 1.682747e+00
3.564335e-01 -9.340839e-01 -2.103150e-02 3.987848e-01 -5.920032e-02 -1.138713e-04 -9.982461e-01 -1.227129e-01 9.324433e-01 3.570534e-01 -5.533866e-02 1.683058e+00
3.589244e-01 -9.332045e-01 -1.739810e-02 4.049543e-01 -5.526438e-02 -2.640666e-03 -9.984683e-01 -1.332651e-01 9.317291e-01 3.593361e-01 -5.252077e-02 1.696920e+00
3.614598e-01 -9.322395e-01 -1.662015e-02 3.949334e-01 -5.367542e-02 -3.009304e-03 -9.985539e-01 -1.304125e-01 9.308414e-01 3.618292e-01 -5.112609e-02 1.697592e+00
3.613068e-01 -9.322607e-01 -1.864105e-02 3.959194e-01 -5.678992e-02 -2.046272e-03 -9.983841e-01 -1.372397e-01 9.307160e-01 3.617815e-01 -5.368234e-02 1.689300e+00
3.612967e-01 -9.323229e-01 -1.545247e-02 3.988413e-01 -5.358439e-02 -4.214995e-03 -9.985544e-01 -1.435313e-01 9.309100e-01 3.616025e-01 -5.148081e-02 1.667631e+00
3.609602e-01 -9.324973e-01 -1.250869e-02 3.940279e-01 -5.370495e-02 -7.394179e-03 -9.985295e-01 -1.423636e-01 9.310336e-01 3.611011e-01 -5.274873e-02 1.661872e+00
3.622825e-01 -9.319264e-01 -1.626446e-02 4.041790e-01 -5.533257e-02 -4.084676e-03 -9.984596e-01 -1.401371e-01 9.304245e-01 3.626244e-01 -5.304569e-02 1.680966e+00
3.666230e-01 -9.299080e-01 -2.930282e-02 4.120168e-01 -5.353168e-02 1.035940e-02 -9.985124e-01 -1.358370e-01 9.288282e-01 3.676462e-01 -4.598154e-02 1.733297e+00
3.589111e-01 -9.330220e-01 -2.554771e-02 4.202187e-01 -5.343719e-02 6.785928e-03 -9.985482e-01 -1.402435e-01 9.318408e-01 3.597552e-01 -4.742253e-02 1.748529e+00
3.518498e-01 -9.358455e-01 -1.987306e-02 4.112416e-01 -6.377770e-02 -2.786408e-03 -9.979603e-01 -1.030138e-01 9.338812e-01 3.523996e-01 -6.066647e-02 1.735553e+00
3.481758e-01 -9.372674e-01 -1.741767e-02 4.038103e-01 -6.555557e-02 -5.809390e-03 -9.978320e-01 -1.248846e-01 9.351342e-01 3.485628e-01 -6.346578e-02 1.727384e+00
3.392524e-01 -9.404631e-01 -2.090634e-02 4.083138e-01 -6.262416e-02 -4.041538e-04 -9.980371e-01 -1.375940e-01 9.386086e-01 3.398957e-01 -5.903282e-02 1.731930e+00
3.264427e-01 -9.450721e-01 -1.655232e-02 3.869947e-01 -6.102822e-02 -3.598513e-03 -9.981295e-01 -1.172947e-01 9.432448e-01 3.268422e-01 -5.885078e-02 1.739783e+00
3.142608e-01 -9.492671e-01 -1.149120e-02 3.878690e-01 -6.142404e-02 -8.252742e-03 -9.980776e-01 -1.121941e-01 9.473475e-01 3.143625e-01 -6.090133e-02 1.777557e+00
3.079508e-01 -9.513340e-01 -1.140026e-02 3.961403e-01 -7.347247e-02 -1.183313e-02 -9.972270e-01 -1.276618e-01 9.485611e-01 3.079345e-01 -7.354088e-02 1.808822e+00
3.089041e-01 -9.510054e-01 -1.292013e-02 4.376238e-01 -1.129573e-01 -2.319548e-02 -9.933290e-01 -1.587545e-01 9.443616e-01 3.083029e-01 -1.145882e-01 1.846354e+00
3.101068e-01 -9.506141e-01 -1.290567e-02 4.456629e-01 -1.268802e-01 -2.792943e-02 -9.915248e-01 -1.504157e-01 9.421970e-01 3.091161e-01 -1.292752e-01 1.875602e+00
3.084615e-01 -9.511654e-01 -1.166139e-02 4.535124e-01 -1.254390e-01 -2.852145e-02 -9.916913e-01 -2.095340e-01 9.429298e-01 3.073613e-01 -1.281110e-01 1.942894e+00
3.120097e-01 -9.496383e-01 -2.893052e-02 4.598058e-01 -1.468074e-01 -1.810486e-02 -9.889994e-01 -1.418788e-01 9.386680e-01 3.128246e-01 -1.450628e-01 1.993632e+00
3.136158e-01 -9.490327e-01 -3.133764e-02 4.993649e-01 -1.389227e-01 -1.321065e-02 -9.902151e-01 -1.484865e-01 9.393325e-01 3.149006e-01 -1.359852e-01 2.079811e+00
3.083349e-01 -9.504678e-01 -3.925141e-02 4.718087e-01 -1.229723e-01 1.090861e-03 -9.924095e-01 -1.469003e-01 9.432961e-01 3.108213e-01 -1.165449e-01 2.104383e+00
3.035810e-01 -9.519287e-01 -4.086904e-02 4.882832e-01 -1.260165e-01 2.402405e-03 -9.920253e-01 -1.542514e-01 9.444355e-01 3.063102e-01 -1.192294e-01 2.162555e+00
3.026522e-01 -9.517597e-01 -5.054849e-02 5.269815e-01 -1.362855e-01 9.274986e-03 -9.906262e-01 -1.433654e-01 9.433069e-01 3.067042e-01 -1.269039e-01 2.184299e+00
3.048055e-01 -9.518366e-01 -3.317657e-02 5.480629e-01 -1.294311e-01 -6.886282e-03 -9.915645e-01 -1.637100e-01 9.435789e-01 3.065284e-01 -1.252963e-01 2.206217e+00
3.040140e-01 -9.521716e-01 -3.073718e-02 5.683503e-01 -1.252382e-01 -7.960715e-03 -9.920948e-01 -1.585718e-01 9.443998e-01 3.054601e-01 -1.216684e-01 2.229875e+00
3.044237e-01 -9.519967e-01 -3.206976e-02 5.907041e-01 -1.283335e-01 -7.630396e-03 -9.917017e-01 -1.697641e-01 9.438521e-01 3.060131e-01 -1.244959e-01 2.284322e+00
2.983825e-01 -9.535842e-01 -4.055915e-02 5.965105e-01 -1.358983e-01 -3.846619e-04 -9.907227e-01 -2.190421e-01 9.447219e-01 3.011262e-01 -1.297053e-01 2.316904e+00
2.996760e-01 -9.539850e-01 -1.034012e-02 6.304060e-01 -1.476807e-01 -3.567799e-02 -9.883914e-01 -1.981142e-01 9.425416e-01 2.977242e-01 -1.515770e-01 2.367192e+00
3.205136e-01 -9.471770e-01 1.125612e-02 6.361822e-01 -1.333977e-01 -5.689843e-02 -9.894279e-01 -1.868022e-01 9.378039e-01 3.156236e-01 -1.445879e-01 2.366565e+00
3.460758e-01 -9.382066e-01 -7.738243e-05 6.317750e-01 -1.277016e-01 -4.702353e-02 -9.906973e-01 -1.833790e-01 9.294750e-01 3.428662e-01 -1.360842e-01 2.410517e+00
3.748325e-01 -9.270500e-01 -8.882892e-03 6.658980e-01 -1.328183e-01 -4.421465e-02 -9.901537e-01 -2.099454e-01 9.175292e-01 3.723216e-01 -1.397023e-01 2.519968e+00
4.038135e-01 -9.148413e-01 -1.421788e-04 6.958649e-01 -1.305091e-01 -5.745325e-02 -9.897810e-01 -2.181417e-01 9.054844e-01 3.997055e-01 -1.425955e-01 2.587284e+00
4.261518e-01 -9.045446e-01 -1.391657e-02 6.960963e-01 -1.231999e-01 -4.278854e-02 -9.914590e-01 -2.161580e-01 8.962234e-01 4.242266e-01 -1.296742e-01 2.630094e+00
4.452309e-01 -8.953354e-01 -1.200333e-02 7.076939e-01 -1.257924e-01 -4.927022e-02 -9.908323e-01 -2.196710e-01 8.865358e-01 4.426591e-01 -1.345630e-01 2.668277e+00
4.696100e-01 -8.828726e-01 -1.550045e-03 7.221602e-01 -1.166916e-01 -6.032914e-02 -9.913342e-01 -2.280751e-01 8.751283e-01 4.657213e-01 -1.313550e-01 2.668346e+00
4.808089e-01 -8.768224e-01 -2.332625e-03 7.192236e-01 -1.153175e-01 -6.059715e-02 -9.914786e-01 -1.914053e-01 8.692092e-01 4.769807e-01 -1.302486e-01 2.656109e+00
4.824331e-01 -8.759080e-01 -6.596992e-03 7.231601e-01 -1.132451e-01 -5.490148e-02 -9.920491e-01 -2.141828e-01 8.685815e-01 4.793444e-01 -1.256786e-01 2.673903e+00
4.859435e-01 -8.739617e-01 -7.067423e-03 7.250340e-01 -1.140873e-01 -5.541389e-02 -9.919241e-01 -2.129124e-01 8.665120e-01 4.828253e-01 -1.266359e-01 2.686549e+00
4.836341e-01 -8.751913e-01 -1.175487e-02 7.141127e-01 -1.157136e-01 -5.062013e-02 -9.919919e-01 -2.072873e-01 8.675877e-01 4.811213e-01 -1.257532e-01 2.688379e+00
4.734991e-01 -8.806310e-01 -1.696040e-02 7.064455e-01 -1.179158e-01 -4.429519e-02 -9.920352e-01 -2.180647e-01 8.728657e-01 4.717277e-01 -1.248140e-01 2.706893e+00
4.571134e-01 -8.894078e-01 1.084484e-03 7.305456e-01 -1.203254e-01 -6.304958e-02 -9.907303e-01 -2.456324e-01 8.812316e-01 4.527456e-01 -1.358391e-01 2.725195e+00
4.340497e-01 -9.007283e-01 1.700860e-02 7.570776e-01 -1.083581e-01 -7.094053e-02 -9.915775e-01 -2.133013e-01 8.943486e-01 4.285509e-01 -1.283929e-01 2.777225e+00
3.987423e-01 -9.170411e-01 6.347979e-03 7.668452e-01 -1.193827e-01 -5.876997e-02 -9.911074e-01 -2.534327e-01 9.092592e-01 3.944386e-01 -1.329129e-01 2.774778e+00
3.730765e-01 -9.271858e-01 3.377017e-02 8.235367e-01 -1.317727e-01 -8.898095e-02 -9.872782e-01 -3.080033e-01 9.183953e-01 3.638803e-01 -1.553745e-01 2.795628e+00
3.636710e-01 -9.306590e-01 4.021411e-02 8.357670e-01 -1.328501e-01 -9.454551e-02 -9.866164e-01 -2.909808e-01 9.220055e-01 3.534614e-01 -1.580216e-01 2.821204e+00
3.506999e-01 -9.359559e-01 3.156268e-02 8.184171e-01 -1.391471e-01 -8.540790e-02 -9.865817e-01 -2.597918e-01 9.260927e-01 3.416022e-01 -1.601881e-01 2.838258e+00
3.430552e-01 -9.392131e-01 1.385142e-02 8.483059e-01 -1.305255e-01 -6.226838e-02 -9.894876e-01 -2.274696e-01 9.302022e-01 3.376409e-01 -1.439528e-01 2.908976e+00
3.258477e-01 -9.453631e-01 -1.057765e-02 8.395308e-01 -1.370223e-01 -3.615278e-02 -9.899080e-01 -2.453667e-01 9.354401e-01 3.240086e-01 -1.413161e-01 2.930938e+00
3.146540e-01 -9.491690e-01 -8.426215e-03 8.758261e-01 -1.323676e-01 -3.508664e-02 -9.905795e-01 -2.743607e-01 9.399318e-01 3.128052e-01 -1.366793e-01 2.966008e+00
3.121503e-01 -9.500282e-01 2.920591e-03 9.065068e-01 -1.178871e-01 -4.178418e-02 -9.921475e-01 -2.404164e-01 9.426902e-01 3.093549e-01 -1.250390e-01 2.997998e+00
3.017637e-01 -9.533563e-01 7.100830e-03 9.561232e-01 -1.137744e-01 -4.340557e-02 -9.925580e-01 -2.613095e-01 9.465696e-01 2.987101e-01 -1.215658e-01 3.057339e+00
2.882580e-01 -9.575525e-01 -7.544194e-04 9.575079e-01 -1.182596e-01 -3.481859e-02 -9.923721e-01 -2.605313e-01 9.502221e-01 2.861485e-01 -1.232765e-01 3.095678e+00
2.819228e-01 -9.594046e-01 -7.896326e-03 9.466272e-01 -1.236031e-01 -2.815695e-02 -9.919322e-01 -2.371076e-01 9.514419e-01 2.806243e-01 -1.265235e-01 3.133723e+00
2.792348e-01 -9.602044e-01 -5.948977e-03 9.698373e-01 -1.394505e-01 -3.442200e-02 -9.896306e-01 -2.696688e-01 9.500428e-01 2.771689e-01 -1.435128e-01 3.164296e+00
2.760255e-01 -9.610851e-01 1.119938e-02 1.007291e+00 -1.426229e-01 -5.247908e-02 -9.883848e-01 -2.722139e-01 9.505097e-01 2.712221e-01 -1.515583e-01 3.198947e+00
2.732433e-01 -9.619171e-01 7.320574e-03 1.009648e+00 -1.440759e-01 -4.844834e-02 -9.883800e-01 -2.881375e-01 9.510942e-01 2.690135e-01 -1.518273e-01 3.219227e+00
2.749392e-01 -9.611635e-01 2.394169e-02 1.068277e+00 -1.322071e-01 -6.245898e-02 -9.892523e-01 -3.200868e-01 9.523286e-01 2.688190e-01 -1.442451e-01 3.327753e+00
2.733350e-01 -9.618905e-01 7.387195e-03 1.058403e+00 -1.231449e-01 -4.260779e-02 -9.914736e-01 -3.111336e-01 9.540038e-01 2.700947e-01 -1.300982e-01 3.358313e+00
2.655549e-01 -9.639516e-01 1.666947e-02 1.061052e+00 -1.197179e-01 -5.012715e-02 -9.915417e-01 -3.270329e-01 9.566338e-01 2.613132e-01 -1.287137e-01 3.407897e+00
2.596131e-01 -9.651162e-01 3.393700e-02 1.097294e+00 -1.194376e-01 -6.696077e-02 -9.905811e-01 -3.318717e-01 9.582983e-01 2.531145e-01 -1.326551e-01 3.453879e+00
2.504028e-01 -9.679374e-01 1.989267e-02 1.091389e+00 -1.276234e-01 -5.336985e-02 -9.903858e-01 -3.133776e-01 9.596930e-01 2.454566e-01 -1.368954e-01 3.489320e+00
2.306305e-01 -9.729968e-01 9.316627e-03 1.078993e+00 -1.173789e-01 -3.732472e-02 -9.923856e-01 -3.407041e-01 9.659357e-01 2.277808e-01 -1.228175e-01 3.523796e+00
2.200311e-01 -9.754831e-01 4.369751e-03 1.068335e+00 -1.129323e-01 -2.992205e-02 -9.931520e-01 -3.334292e-01 9.689338e-01 2.180308e-01 -1.167474e-01 3.597924e+00
2.150175e-01 -9.766069e-01 2.544232e-03 1.091826e+00 -1.082299e-01 -2.641771e-02 -9.937748e-01 -3.464822e-01 9.705945e-01 2.134036e-01 -1.113784e-01 3.638740e+00
2.173564e-01 -9.760668e-01 7.050946e-03 1.121284e+00 -1.099823e-01 -3.166789e-02 -9.934289e-01 -3.466713e-01 9.698763e-01 2.151527e-01 -1.142333e-01 3.662337e+00
2.290133e-01 -9.729706e-01 2.968298e-02 1.171134e+00 -1.071307e-01 -5.550064e-02 -9.926947e-01 -3.253965e-01 9.675102e-01 2.241604e-01 -1.169454e-01 3.713979e+00
2.295099e-01 -9.727973e-01 3.147427e-02 1.170719e+00 -1.150145e-01 -5.921766e-02 -9.915972e-01 -3.391112e-01 9.664869e-01 2.239614e-01 -1.254769e-01 3.732525e+00
2.345006e-01 -9.720934e-01 -6.624150e-03 1.142000e+00 -1.411501e-01 -2.730647e-02 -9.896116e-01 -3.680032e-01 9.618140e-01 2.329995e-01 -1.436144e-01 3.811487e+00
2.230483e-01 -9.747887e-01 -6.039377e-03 1.204277e+00 -1.506592e-01 -2.835107e-02 -9.881791e-01 -3.517220e-01 9.630947e-01 2.213216e-01 -1.531846e-01 3.879962e+00
2.388051e-01 -9.710044e-01 -1.106709e-02 1.205263e+00 -1.381428e-01 -2.268898e-02 -9.901524e-01 -3.490404e-01 9.611913e-01 2.379823e-01 -1.395556e-01 3.914452e+00
2.559744e-01 -9.661989e-01 -3.060627e-02 1.205163e+00 -1.560859e-01 -1.006461e-02 -9.876922e-01 -3.474927e-01 9.539991e-01 2.576011e-01 -1.533863e-01 3.928079e+00
2.759074e-01 -9.608865e-01 -2.392213e-02 1.254956e+00 -1.575649e-01 -2.066339e-02 -9.872924e-01 -3.822325e-01 9.481816e-01 2.761706e-01 -1.571031e-01 4.022016e+00
2.793257e-01 -9.591537e-01 -4.473665e-02 1.234307e+00 -1.602176e-01 -6.194643e-04 -9.870815e-01 -3.980518e-01 9.467352e-01 2.828848e-01 -1.538463e-01 4.046920e+00
2.826438e-01 -9.584746e-01 -3.793144e-02 1.256830e+00 -1.685253e-01 -1.068982e-02 -9.856393e-01 -4.132914e-01 9.443049e-01 2.849773e-01 -1.645487e-01 4.113921e+00
2.868853e-01 -9.571539e-01 -3.941181e-02 1.272141e+00 -1.655683e-01 -9.019311e-03 -9.861571e-01 -4.077668e-01 9.435486e-01 2.894393e-01 -1.610618e-01 4.158800e+00
2.886976e-01 -9.567349e-01 -3.622273e-02 1.297749e+00 -1.668622e-01 -1.302444e-02 -9.858942e-01 -4.300039e-01 9.427676e-01 2.906695e-01 -1.634030e-01 4.165426e+00
2.947363e-01 -9.552201e-01 -2.617273e-02 1.310179e+00 -1.692392e-01 -2.522371e-02 -9.852522e-01 -4.191854e-01 9.404725e-01 2.948191e-01 -1.690950e-01 4.207013e+00
2.939053e-01 -9.556152e-01 -2.047352e-02 1.336778e+00 -1.686333e-01 -3.075686e-02 -9.851989e-01 -4.278121e-01 9.408414e-01 2.930077e-01 -1.701881e-01 4.243351e+00
3.013156e-01 -9.534847e-01 -8.711155e-03 1.359735e+00 -1.642697e-01 -4.290823e-02 -9.854818e-01 -4.369567e-01 9.392680e-01 2.983721e-01 -1.695575e-01 4.259714e+00
2.983119e-01 -9.544273e-01 -8.865067e-03 1.335178e+00 -1.463115e-01 -3.654838e-02 -9.885632e-01 -3.967569e-01 9.431877e-01 2.961972e-01 -1.505465e-01 4.320694e+00
2.886903e-01 -9.571452e-01 -2.304404e-02 1.343958e+00 -1.476052e-01 -2.071321e-02 -9.888294e-01 -4.181966e-01 9.459760e-01 2.888669e-01 -1.472593e-01 4.347401e+00
2.936783e-01 -9.557726e-01 -1.586875e-02 1.343854e+00 -1.446277e-01 -2.801756e-02 -9.890894e-01 -4.455482e-01 9.448999e-01 2.927692e-01 -1.464594e-01 4.393635e+00
2.922291e-01 -9.562663e-01 -1.252463e-02 1.355460e+00 -1.426319e-01 -3.063011e-02 -9.893017e-01 -4.017663e-01 9.456523e-01 2.908892e-01 -1.453451e-01 4.427461e+00
2.891429e-01 -9.570394e-01 -2.172331e-02 1.346968e+00 -1.387079e-01 -1.943205e-02 -9.901426e-01 -3.968727e-01 9.471834e-01 2.893060e-01 -1.383676e-01 4.458625e+00
2.819429e-01 -9.591333e-01 -2.390734e-02 1.364872e+00 -1.369460e-01 -1.556800e-02 -9.904562e-01 -4.712679e-01 9.496073e-01 2.825261e-01 -1.357388e-01 4.524978e+00
2.856543e-01 -9.583172e-01 -5.449710e-03 1.388819e+00 -1.304158e-01 -3.323920e-02 -9.909021e-01 -4.786545e-01 9.494174e-01 2.837662e-01 -1.344746e-01 4.549334e+00
2.911697e-01 -9.566713e-01 4.383205e-04 1.423179e+00 -1.208826e-01 -3.724597e-02 -9.919678e-01 -4.303220e-01 9.490035e-01 2.887780e-01 -1.264898e-01 4.631732e+00
3.012298e-01 -9.535179e-01 -8.014401e-03 1.417866e+00 -1.181795e-01 -2.899196e-02 -9.925689e-01 -4.524870e-01 9.461999e-01 2.999385e-01 -1.214195e-01 4.673907e+00
3.133368e-01 -9.496371e-01 3.051667e-03 1.435129e+00 -1.080110e-01 -3.883097e-02 -9.933910e-01 -4.581139e-01 9.434795e-01 3.109364e-01 -1.147384e-01 4.694667e+00
3.210569e-01 -9.470527e-01 3.703715e-03 1.465893e+00 -9.413902e-02 -3.580463e-02 -9.949150e-01 -4.491013e-01 9.423695e-01 3.190756e-01 -1.006499e-01 4.748216e+00
3.357899e-01 -9.419253e-01 4.661655e-03 1.487135e+00 -9.232537e-02 -3.783773e-02 -9.950097e-01 -4.629793e-01 9.374013e-01 3.336838e-01 -9.966914e-02 4.789975e+00
3.512166e-01 -9.362827e-01 4.650576e-03 1.493300e+00 -9.725303e-02 -4.142062e-02 -9.943974e-01 -4.800301e-01 9.312297e-01 3.487966e-01 -1.056039e-01 4.791521e+00
3.626246e-01 -9.318887e-01 9.319988e-03 1.496008e+00 -9.251487e-02 -4.594786e-02 -9.946506e-01 -4.590227e-01 9.273319e-01 3.598225e-01 -1.028754e-01 4.823342e+00
3.653054e-01 -9.307199e-01 1.767750e-02 1.547248e+00 -8.788577e-02 -5.338763e-02 -9.946989e-01 -4.930524e-01 9.267298e-01 3.618152e-01 -1.012998e-01 4.876041e+00
3.684918e-01 -9.292553e-01 2.642644e-02 1.563655e+00 -9.417138e-02 -6.559361e-02 -9.933928e-01 -4.911020e-01 9.248489e-01 3.635685e-01 -1.116800e-01 4.879169e+00
3.734840e-01 -9.268431e-01 3.836046e-02 1.587539e+00 -8.884760e-02 -7.690390e-02 -9.930720e-01 -4.968070e-01 9.233720e-01 3.674882e-01 -1.110702e-01 4.909244e+00
3.812416e-01 -9.237660e-01 3.621059e-02 1.584081e+00 -8.828016e-02 -7.536746e-02 -9.932404e-01 -4.965042e-01 9.202508e-01 3.754679e-01 -1.102834e-01 4.938994e+00
3.883046e-01 -9.209409e-01 3.297513e-02 1.557818e+00 -8.876777e-02 -7.299662e-02 -9.933739e-01 -4.963787e-01 9.172457e-01 3.828046e-01 -1.100948e-01 4.992978e+00
3.924299e-01 -9.194911e-01 2.312976e-02 1.556722e+00 -8.464029e-02 -6.114111e-02 -9.945340e-01 -4.923492e-01 9.158792e-01 3.883271e-01 -1.018196e-01 5.036573e+00
3.883448e-01 -9.212864e-01 2.048531e-02 1.550723e+00 -8.421429e-02 -5.761788e-02 -9.947804e-01 -4.890274e-01 9.176580e-01 3.845927e-01 -9.996109e-02 5.076531e+00
3.857337e-01 -9.223533e-01 2.177015e-02 1.578983e+00 -8.268556e-02 -5.806165e-02 -9.948829e-01 -4.915338e-01 9.188975e-01 3.819598e-01 -9.866163e-02 5.113150e+00
3.843424e-01 -9.228558e-01 2.486117e-02 1.601184e+00 -8.156934e-02 -6.077090e-02 -9.948132e-01 -4.937538e-01 9.195800e-01 3.803210e-01 -9.863357e-02 5.120320e+00
3.781485e-01 -9.255978e-01 1.650150e-02 1.598338e+00 -8.483481e-02 -5.239794e-02 -9.950163e-01 -4.926607e-01 9.218496e-01 3.748641e-01 -9.833712e-02 5.135030e+00
3.741097e-01 -9.273201e-01 1.092433e-02 1.605488e+00 -8.299847e-02 -4.521196e-02 -9.955236e-01 -5.252657e-01 9.236630e-01 3.715283e-01 -9.388039e-02 5.142897e+00
3.673372e-01 -9.300591e-01 7.305413e-03 1.604826e+00 -8.962706e-02 -4.321500e-02 -9.950374e-01 -5.175774e-01 9.257594e-01 3.648595e-01 -9.923295e-02 5.155684e+00
3.582633e-01 -9.336206e-01 9.406867e-05 1.612887e+00 -8.924104e-02 -3.434524e-02 -9.954177e-01 -5.152608e-01 9.293457e-01 3.566132e-01 -9.562191e-02 5.195436e+00
