0.000000e+00 -1.000000e+00 0.000000e+00 0.000000e+00 0.000000e+00 0.000000e+00 -1.000000e+00 0.000000e+00 1.000000e+00 0.000000e+00 0.000000e+00 0.000000e+00
4.069575e-04 -9.999993e-01 -1.047035e-03 -3.302280e-03 -6.544474e-04 1.046769e-03 -9.999992e-01 -9.850162e-05 9.999997e-01 4.076424e-04 -6.540209e-04 2.704479e-03
6.951690e-04 -9.999998e-01 -1.929439e-04 -2.371196e-03 -3.699831e-04 1.926867e-04 -9.999999e-01 3.907513e-04 9.999997e-01 6.952404e-04 -3.698490e-04 4.076997e-03
1.380349e-03 -9.999990e-01 -2.768949e-04 -6.309183e-03 -1.984790e-04 2.766212e-04 -9.999999e-01 8.614428e-04 9.999990e-01 1.380404e-03 -1.980970e-04 4.647610e-03
3.070429e-03 -9.999953e-01 -6.664512e-05 -4.847369e-03 -6.716468e-04 6.458317e-05 -9.999998e-01 -7.454869e-05 9.999951e-01 3.070473e-03 -6.714453e-04 1.100383e-03
4.348256e-03 -9.999905e-01 -4.701710e-04 7.221930e-04 -2.481608e-04 4.690964e-04 -9.999999e-01 3.252019e-03 9.999905e-01 4.348372e-03 -2.461186e-04 -1.410493e-03
4.709490e-03 -9.999888e-01 4.675735e-04 -6.593257e-04 -5.467579e-04 -4.701536e-04 -9.999998e-01 2.865915e-04 9.999887e-01 4.709233e-03 -5.489660e-04 -6.097693e-04
6.201515e-03 -9.999807e-01 -1.969860e-04 5.382485e-03 8.921450e-04 2.025224e-04 -9.999996e-01 1.818274e-03 9.999804e-01 6.201337e-03 8.933838e-04 1.040375e-02
9.929601e-03 -9.999503e-01 8.984012e-04 1.585286e-03 9.837393e-05 -8.974686e-04 -9.999996e-01 9.769297e-04 9.999507e-01 9.929685e-03 8.945754e-05 1.471470e-02
1.437266e-02 -9.998967e-01 -2.279869e-04 1.085508e-02 1.544148e-04 2.302300e-04 -9.999999e-01 3.696828e-03 9.998967e-01 1.437263e-02 1.577079e-04 1.550163e-02
1.986878e-02 -9.998022e-01 -9.231195e-04 4.980802e-03 1.260770e-04 9.258072e-04 -9.999996e-01 1.104361e-03 9.998026e-01 1.986865e-02 1.444467e-04 9.246513e-03
2.509900e-02 -9.996849e-01 2.463977e-04 5.712232e-03 7.978947e-04 -2.264426e-04 -9.999996e-01 3.347990e-03 9.996846e-01 2.509918e-02 7.919599e-04 6.738007e-03
3.073831e-02 -9.995266e-01 -1.343229e-03 5.668338e-03 5.245181e-04 1.359994e-03 -9.999989e-01 -3.338272e-05 9.995273e-01 3.073757e-02 5.660737e-04 6.763632e-03
3.753309e-02 -9.992954e-01 2.980516e-04 1.103345e-02 4.596081e-04 -2.809991e-04 -9.999999e-01 1.439907e-03 9.992953e-01 3.753322e-02 4.487375e-04 1.877137e-02
4.768712e-02 -9.988623e-01 1.698332e-05 1.602254e-02 -6.347266e-05 -2.003294e-05 -1.000000e+00 1.281907e-03 9.988623e-01 4.768712e-02 -6.435576e-05 1.289455e-02
6.200138e-02 -9.980760e-01 -2.474159e-04 3.209538e-02 5.579819e-04 2.825551e-04 -9.999998e-01 1.626783e-03 9.980759e-01 6.200123e-02 5.744271e-04 3.108621e-02
8.270204e-02 -9.965743e-01 2.226042e-04 3.560432e-02 6.070038e-04 -1.729964e-04 -9.999998e-01 -1.134238e-03 9.965742e-01 8.270216e-02 5.906172e-04 3.609630e-02
1.046457e-01 -9.945096e-01 1.742236e-04 4.965663e-02 5.756757e-04 -1.146108e-04 -9.999998e-01 1.639312e-03 9.945094e-01 1.046458e-01 5.605214e-04 2.884177e-02
1.332345e-01 -9.910845e-01 1.554864e-04 6.778459e-02 9.623590e-04 -2.751220e-05 -9.999995e-01 -4.623439e-03 9.910841e-01 1.332346e-01 9.501135e-04 3.872062e-02
1.628392e-01 -9.866523e-01 7.987498e-04 7.489932e-02 1.704164e-03 -5.282953e-04 -9.999984e-01 -5.070523e-03 9.866512e-01 1.628403e-01 1.595390e-03 5.310237e-02
1.938747e-01 -9.810263e-01 1.222579e-04 9.391589e-02 -3.355729e-05 -1.312542e-04 -1.000000e+00 -1.932101e-03 9.810263e-01 1.938747e-01 -5.836746e-05 3.042692e-02
2.205481e-01 -9.753716e-01 -2.954714e-03 6.636749e-02 -3.797210e-03 2.170679e-03 -9.999905e-01 -2.208070e-03 9.753687e-01 2.205572e-01 -3.224952e-03 8.153724e-03
2.347619e-01 -9.720519e-01 1.438206e-03 8.049561e-02 1.276597e-03 -1.171242e-03 -9.999985e-01 -8.399005e-03 9.720520e-01 2.347634e-01 9.659554e-04 -7.215789e-04
2.397386e-01 -9.708368e-01 1.187392e-03 6.848780e-02 -6.250597e-04 -1.377411e-03 -9.999989e-01 1.846073e-03 9.708373e-01 2.397376e-01 -9.370495e-04 -2.110207e-02
2.376342e-01 -9.713547e-01 1.687841e-04 5.186362e-02 -1.914751e-04 -2.206044e-04 -9.999999e-01 -2.795489e-03 9.713547e-01 2.376342e-01 -2.384134e-04 -2.888540e-02
2.350983e-01 -9.719712e-01 -8.446421e-04 5.218163e-02 -2.031166e-04 8.198693e-04 -9.999996e-01 -2.124749e-03 9.719716e-01 2.350984e-01 -4.673601e-06 -3.538712e-02
2.315159e-01 -9.728309e-01 6.574413e-04 6.623003e-02 1.111177e-03 -4.113621e-04 -9.999993e-01 -1.848782e-05 9.728305e-01 2.315165e-01 9.857500e-04 -3.559298e-02
2.317470e-01 -9.727761e-01 3.447212e-04 6.489233e-02 4.089129e-05 -3.446269e-04 -9.999999e-01 -1.208919e-05 9.727761e-01 2.317470e-01 -4.008818e-05 -3.123719e-02
2.312301e-01 -9.728987e-01 -8.278231e-04 6.191757e-02 -5.035250e-04 7.312093e-04 -9.999996e-01 -4.931036e-03 9.728990e-01 2.312304e-01 -3.208012e-04 -2.109213e-02
2.338796e-01 -9.722655e-01 4.370552e-05 6.825935e-02 -5.698805e-04 -1.820377e-04 -9.999998e-01 -6.273668e-04 9.722654e-01 2.338796e-01 -5.966501e-04 -2.569426e-02
2.350127e-01 -9.719923e-01 2.209610e-04 6.784169e-02 1.981997e-04 -1.794063e-04 -9.999999e-01 -2.217358e-03 9.719923e-01 2.350127e-01 1.504858e-04 -2.117895e-02
2.379746e-01 -9.712713e-01 -1.191444e-04 6.631167e-02 3.720754e-04 2.138320e-04 -9.999999e-01 -2.314683e-03 9.712713e-01 2.379746e-01 4.122728e-04 -1.745695e-02
2.423375e-01 -9.701918e-01 -6.468582e-04 7.039002e-02 -5.912613e-04 5.190450e-04 -9.999997e-01 2.543659e-03 9.701918e-01 2.423378e-01 -4.478528e-04 -2.226123e-02
2.472316e-01 -9.689563e-01 5.236156e-04 7.079002e-02 5.114215e-04 -4.099007e-04 -9.999998e-01 -9.219362e-04 9.689563e-01 2.472318e-01 3.942047e-04 -1.161324e-02
2.536488e-01 -9.672964e-01 3.983736e-05 6.873555e-02 1.514401e-04 -1.472926e-06 -1.000000e+00 -1.950877e-03 9.672964e-01 2.536488e-01 1.461139e-04 -9.524601e-03
2.628188e-01 -9.648452e-01 2.190286e-04 7.618885e-02 1.165478e-04 -1.952620e-04 -1.000000e+00 8.134838e-04 9.648452e-01 2.628188e-01 6.113208e-05 -1.293481e-02
2.722826e-01 -9.622172e-01 4.815789e-04 6.581777e-02 -1.071818e-04 -5.308184e-04 -9.999999e-01 1.438726e-04 9.622173e-01 2.722825e-01 -2.476647e-04 -1.271657e-02
2.842770e-01 -9.587422e-01 -2.515751e-04 7.282286e-02 8.608700e-04 5.176580e-04 -9.999995e-01 -1.591917e-03 9.587418e-01 2.842766e-01 9.725106e-04 -8.401219e-03
2.963473e-01 -9.550801e-01 -4.777092e-04 7.476065e-02 -6.540075e-04 2.972480e-04 -9.999998e-01 -2.020040e-03 9.550800e-01 2.963476e-01 -5.365409e-04 -1.244611e-02
3.056147e-01 -9.521552e-01 3.346298e-04 7.919864e-02 -6.995209e-04 -5.759707e-04 -9.999996e-01 -6.155434e-03 9.521551e-01 3.056143e-01 -8.420775e-04 -1.928046e-02
3.056462e-01 -9.521447e-01 -9.595156e-04 7.060002e-02 -4.624536e-04 8.592896e-04 -9.999995e-01 -3.060052e-03 9.521450e-01 3.056465e-01 -1.776841e-04 -3.557367e-02
3.020541e-01 -9.532907e-01 -3.875792e-04 6.523899e-02 8.523506e-05 4.335768e-04 -9.999999e-01 -1.305493e-03 9.532908e-01 3.020540e-01 2.122174e-04 -5.204816e-02
2.978749e-01 -9.546048e-01 4.145927e-04 7.006034e-02 6.846458e-04 -2.206712e-04 -9.999998e-01 -2.851162e-03 9.546047e-01 2.978751e-01 5.878338e-04 -4.928939e-02
2.938003e-01 -9.558667e-01 -5.333756e-04 6.401113e-02 3.928577e-05 5.700771e-04 -9.999998e-01 -4.435981e-03 9.558668e-01 2.938002e-01 2.050408e-04 -4.699987e-02
2.932981e-01 -9.560210e-01 2.249084e-04 7.259027e-02 1.000301e-03 7.162836e-05 -9.999995e-01 -2.748543e-03 9.560205e-01 2.932982e-01 9.773177e-04 -4.607322e-02
2.932064e-01 -9.560490e-01 -5.179238e-04 6.610346e-02 -1.268110e-03 1.528222e-04 -9.999992e-01 -8.543554e-03 9.560483e-01 2.932068e-01 -1.167566e-03 -4.416383e-02
2.956476e-01 -9.552969e-01 -5.065702e-04 7.790861e-02 5.617547e-04 7.041280e-04 -9.999996e-01 -2.551239e-03 9.552969e-01 2.956472e-01 7.448163e-04 -4.080389e-02
2.970825e-01 -9.548518e-01 9.998291e-06 7.224173e-02 3.400708e-04 9.533499e-05 -9.999999e-01 -3.568687e-03 9.548517e-01 2.970825e-01 3.530395e-04 -4.331236e-02
2.986813e-01 -9.543529e-01 -1.142190e-05 7.739652e-02 -1.869495e-04 -4.654087e-05 -1.000000e+00 -4.385232e-04 9.543529e-01 2.986813e-01 -1.923167e-04 -4.247111e-02
3.003438e-01 -9.538310e-01 3.389542e-05 7.614440e-02 -7.410850e-05 -5.887148e-05 -1.000000e+00 -2.329853e-03 9.538310e-01 3.003438e-01 -8.836866e-05 -4.101796e-02
3.009779e-01 -9.536311e-01 -2.181017e-04 7.712965e-02 -2.499130e-04 1.498309e-04 -9.999999e-01 -4.055493e-03 9.536311e-01 3.009779e-01 -1.932291e-04 -4.012796e-02
3.015494e-01 -9.534504e-01 -5.677192e-04 7.929606e-02 8.073458e-05 6.209705e-04 -9.999998e-01 3.983047e-04 9.534506e-01 3.015493e-01 2.642297e-04 -4.390237e-02
3.019522e-01 -9.533229e-01 -3.998690e-04 7.023578e-02 -3.755204e-04 3.005065e-04 -9.999999e-01 -1.951338e-03 9.533229e-01 3.019524e-01 -2.672536e-04 -4.674923e-02
3.021567e-01 -9.532579e-01 8.558645e-04 6.828012e-02 1.504920e-03 -4.208115e-04 -9.999988e-01 -2.577458e-03 9.532571e-01 3.021576e-01 1.307426e-03 -4.716212e-02
3.036940e-01 -9.527696e-01 1.661830e-05 7.336564e-02 1.105395e-04 1.779224e-05 -1.000000e+00 -1.039022e-03 9.527696e-01 3.036940e-01 1.107221e-04 -4.166247e-02
3.045533e-01 -9.524951e-01 -5.755848e-04 7.570912e-02 -1.284760e-04 5.632122e-04 -9.999998e-01 -3.082865e-03 9.524953e-01 3.045533e-01 4.915538e-05 -4.427351e-02
3.069769e-01 -9.517165e-01 9.509120e-04 8.755215e-02 2.071994e-03 -3.308291e-04 -9.999978e-01 -1.917671e-03 9.517147e-01 3.069782e-01 1.870394e-03 -3.647295e-02
3.111670e-01 -9.503552e-01 1.637694e-04 9.005130e-02 7.727082e-04 8.067711e-05 -9.999997e-01 -3.254170e-03 9.503549e-01 3.111670e-01 7.594512e-04 -4.264794e-02
3.150573e-01 -9.490726e-01 -3.278243e-04 9.548962e-02 3.113726e-04 4.487796e-04 -9.999998e-01 -7.641182e-03 9.490726e-01 3.150571e-01 4.369065e-04 -4.820477e-02
3.143013e-01 -9.493231e-01 6.064925e-04 1.031416e-01 2.131388e-03 6.679157e-05 -9.999977e-01 -2.942284e-03 9.493209e-01 3.143018e-01 2.044369e-03 -5.397197e-02
3.151953e-01 -9.490268e-01 -3.285061e-04 8.242886e-02 1.580373e-03 8.710308e-04 -9.999984e-01 -5.047554e-03 9.490255e-01 3.151942e-01 1.774361e-03 -5.553878e-02
3.194061e-01 -9.476177e-01 -6.839774e-04 5.770978e-02 -1.407025e-03 2.475304e-04 -9.999990e-01 -1.604157e-03 9.476169e-01 3.194067e-01 -1.254259e-03 -6.971695e-02
3.193400e-01 -9.476400e-01 -5.904211e-04 6.930474e-02 -3.964936e-04 4.894314e-04 -9.999998e-01 -8.832371e-03 9.476401e-01 3.193402e-01 -2.194382e-04 -9.505626e-02
3.115688e-01 -9.502186e-01 -3.096094e-03 5.583390e-02 1.408685e-03 3.720167e-03 -9.999921e-01 4.922162e-03 9.502226e-01 3.115620e-01 2.497646e-03 -1.282615e-01
2.979577e-01 -9.545593e-01 -6.144186e-03 5.032460e-02 -1.357297e-03 6.012881e-03 -9.999810e-01 -1.495195e-03 9.545781e-01 2.979604e-01 4.959637e-04 -1.446018e-01
2.853324e-01 -9.584212e-01 -3.768145e-03 3.656700e-03 -1.606660e-03 3.453268e-03 -9.999927e-01 6.748599e-03 9.584273e-01 2.853364e-01 -5.545279e-04 -1.658130e-01
2.732616e-01 -9.618999e-01 -8.756927e-03 -3.283608e-02 -5.034089e-03 7.673288e-03 -9.999579e-01 -1.872987e-03 9.619266e-01 2.732942e-01 -2.745475e-03 -1.847184e-01
2.628764e-01 -9.648288e-01 1.135257e-03 -4.733717e-03 1.352646e-03 -8.080986e-04 -9.999987e-01 1.576664e-03 9.648286e-01 2.628776e-01 1.092641e-03 -1.941034e-01
2.538195e-01 -9.672400e-01 -4.723289e-03 -2.353572e-02 -2.085038e-03 4.336060e-03 -9.999884e-01 2.560867e-03 9.672493e-01 2.538264e-01 -9.161552e-04 -2.010010e-01
2.468169e-01 -9.690616e-01 -1.067145e-03 -4.982332e-02 -5.196455e-04 9.688626e-04 -9.999994e-01 -5.278936e-03 9.690620e-01 2.468173e-01 -2.644368e-04 -1.907004e-01
2.425590e-01 -9.701366e-01 -3.769453e-04 -3.471427e-02 1.065279e-03 6.548954e-04 -9.999992e-01 2.778664e-03 9.701360e-01 2.425584e-01 1.192317e-03 -2.057188e-01
2.378350e-01 -9.713054e-01 -4.825814e-04 -4.651820e-02 1.517519e-03 8.684186e-04 -9.999985e-01 7.509179e-03 9.713044e-01 2.378339e-01 1.680514e-03 -2.125891e-01
2.339839e-01 -9.722403e-01 -5.026558e-04 -6.327565e-02 -1.476675e-03 1.616238e-04 -9.999989e-01 -1.363782e-03 9.722394e-01 2.339844e-01 -1.397865e-03 -2.161351e-01
2.295293e-01 -9.733018e-01 -2.415078e-05 -4.105713e-02 9.215822e-04 2.421458e-04 -9.999995e-01 2.870337e-03 9.733013e-01 2.295292e-01 9.525571e-04 -2.185273e-01
2.262104e-01 -9.740784e-01 3.443206e-04 -3.637896e-02 1.489097e-03 -7.669863e-06 -9.999989e-01 5.603103e-03 9.740773e-01 2.262106e-01 1.448762e-03 -2.244654e-01
2.262995e-01 -9.740577e-01 -3.635907e-04 -5.699848e-02 5.003240e-04 4.895127e-04 -9.999998e-01 -2.463294e-03 9.740577e-01 2.262992e-01 5.981209e-04 -2.218388e-01
2.256247e-01 -9.742140e-01 7.720530e-04 -4.896077e-02 1.308164e-03 -4.895211e-04 -9.999990e-01 -3.473885e-03 9.742134e-01 2.256254e-01 1.163983e-03 -2.207343e-01
2.259844e-01 -9.741309e-01 1.416276e-04 -3.145226e-02 1.602530e-03 2.263755e-04 -9.999987e-01 3.061754e-03 9.741296e-01 2.259843e-01 1.612231e-03 -2.210283e-01
2.255858e-01 -9.742231e-01 5.735481e-04 -4.558116e-02 2.225944e-03 -7.329451e-05 -9.999975e-01 7.240754e-03 9.742208e-01 2.255865e-01 2.152032e-03 -2.172884e-01
2.258166e-01 -9.741697e-01 4.312982e-04 -4.359334e-02 7.386611e-04 -2.715093e-04 -9.999997e-01 4.409773e-04 9.741696e-01 2.258169e-01 6.582700e-04 -2.158711e-01
2.237424e-01 -9.746474e-01 -1.311158e-03 -3.446317e-02 6.739371e-04 1.499973e-03 -9.999986e-01 -3.486833e-04 9.746481e-01 2.237412e-01 9.924587e-04 -2.209656e-01
2.197182e-01 -9.755633e-01 -3.209299e-04 -4.408829e-02 -5.503746e-04 2.050123e-04 -9.999998e-01 1.412851e-03 9.755632e-01 2.197183e-01 -4.918804e-04 -2.313220e-01
2.153068e-01 -9.765463e-01 -4.054841e-04 -4.385455e-02 5.084984e-05 4.264338e-04 -9.999999e-01 5.279083e-04 9.765465e-01 2.153068e-01 1.414713e-04 -2.407317e-01
2.123139e-01 -9.772013e-01 5.644580e-04 -5.650448e-02 1.354120e-03 -2.834207e-04 -9.999990e-01 1.639939e-03 9.772006e-01 2.123145e-01 1.263073e-03 -2.474704e-01
2.087643e-01 -9.779659e-01 -4.054370e-04 -3.191719e-02 9.431900e-04 6.159122e-04 -9.999993e-01 -4.844602e-03 9.779655e-01 2.087638e-01 1.050988e-03 -2.731381e-01
2.067108e-01 -9.784018e-01 -7.507026e-04 -5.261541e-02 -4.650260e-04 6.690263e-04 -9.999996e-01 1.042131e-02 9.784020e-01 2.067110e-01 -3.166873e-04 -2.764331e-01
2.036402e-01 -9.790360e-01 -4.367489e-03 -4.954432e-02 -2.763755e-03 3.886095e-03 -9.999886e-01 -6.166850e-04 9.790419e-01 2.036500e-01 -1.914450e-03 -2.745084e-01
1.985765e-01 -9.800822e-01 2.508481e-03 -4.188792e-02 2.864570e-03 -1.979049e-03 -9.999939e-01 1.332928e-03 9.800812e-01 1.985824e-01 2.414522e-03 -3.129983e-01
1.955141e-01 -9.806963e-01 -3.002955e-03 -6.598249e-02 -1.880872e-04 3.024553e-03 -9.999954e-01 5.476305e-03 9.807009e-01 1.955138e-01 4.068863e-04 -3.250206e-01
1.932973e-01 -9.811397e-01 -1.004709e-03 -6.404962e-02 -7.093780e-04 8.842650e-04 -9.999993e-01 -6.838346e-03 9.811400e-01 1.932979e-01 -5.250729e-04 -3.438720e-01
1.914957e-01 -9.814932e-01 7.095241e-04 -5.267508e-02 1.142101e-03 -5.000709e-04 -9.999992e-01 6.096314e-03 9.814928e-01 1.914963e-01 1.025203e-03 -3.625512e-01
1.877755e-01 -9.822114e-01 -1.083566e-03 -7.892723e-02 -2.053840e-04 1.063925e-03 -9.999994e-01 1.719183e-03 9.822119e-01 1.877756e-01 -1.951403e-06 -3.726118e-01
1.864673e-01 -9.824612e-01 2.263749e-04 -6.856602e-02 1.159078e-03 -1.042745e-05 -9.999993e-01 4.148747e-03 9.824605e-01 1.864674e-01 1.136805e-03 -3.965008e-01
1.853457e-01 -9.826711e-01 -2.104538e-03 -8.597860e-02 -1.654228e-04 2.110444e-03 -9.999977e-01 6.585255e-03 9.826733e-01 1.853456e-01 2.286056e-04 -4.151327e-01
1.832422e-01 -9.830678e-01 -2.270898e-04 -1.194529e-01 1.108166e-03 4.375613e-04 -9.999993e-01 5.777203e-04 9.830672e-01 1.832418e-01 1.169582e-03 -4.401405e-01
1.810449e-01 -9.834748e-01 -3.558348e-04 -1.281740e-01 4.208048e-04 4.392785e-04 -9.999998e-01 5.958064e-03 9.834747e-01 1.810447e-01 4.933801e-04 -4.720893e-01
1.767578e-01 -9.842444e-01 4.426162e-03 -1.039197e-01 5.622431e-03 -3.487200e-03 -9.999781e-01 -5.529328e-03 9.842383e-01 1.767788e-01 4.917456e-03 -4.851579e-01
1.727581e-01 -9.849634e-01 -1.330430e-03 -9.204903e-02 2.517333e-03 1.792262e-03 -9.999952e-01 2.242673e-02 9.849611e-01 1.727539e-01 2.789108e-03 -4.992844e-01
1.689144e-01 -9.856214e-01 -4.285078e-03 -1.049378e-01 -1.858209e-04 4.315704e-03 -9.999906e-01 4.633598e-03 9.856307e-01 1.689136e-01 5.458354e-04 -5.219942e-01
1.657769e-01 -9.861624e-01 -1.350654e-03 -1.153303e-01 2.707952e-03 1.824814e-03 -9.999947e-01 4.341843e-03 9.861596e-01 1.657723e-01 2.972993e-03 -5.616466e-01
1.635234e-01 -9.865350e-01 2.975425e-03 -1.053597e-01 2.674768e-03 -2.572658e-03 -9.999931e-01 6.644540e-04 9.865358e-01 1.635302e-01 2.218062e-03 -5.695558e-01
1.579228e-01 -9.874499e-01 -1.770030e-03 -1.230237e-01 1.827554e-03 2.084800e-03 -9.999962e-01 1.755707e-03 9.874498e-01 1.579190e-01 2.133856e-03 -6.068501e-01
1.495073e-01 -9.887602e-01 9.469779e-04 -1.130074e-01 2.651457e-03 -5.568207e-04 -9.999963e-01 1.486163e-03 9.887571e-01 1.495093e-01 2.538407e-03 -6.294734e-01
1.450260e-01 -9.894238e-01 -2.842203e-03 -1.259856e-01 4.946478e-03 3.597566e-03 -9.999813e-01 -3.776144e-03 9.894155e-01 1.450092e-01 5.415904e-03 -6.418257e-01
1.395083e-01 -9.902207e-01 6.929789e-04 -1.233692e-01 6.611980e-03 2.317283e-04 -9.999781e-01 7.590152e-03 9.901989e-01 1.395098e-01 6.579647e-03 -6.374186e-01
1.361180e-01 -9.906920e-01 -1.139215e-03 -1.375980e-01 2.279290e-03 1.463081e-03 -9.999963e-01 -5.588119e-03 9.906900e-01 1.361149e-01 2.457226e-03 -6.463449e-01
1.350726e-01 -9.908357e-01 -2.130828e-04 -1.502177e-01 3.550105e-03 6.990093e-04 -9.999934e-01 1.504617e-03 9.908293e-01 1.350710e-01 3.611988e-03 -6.617104e-01
1.333571e-01 -9.910670e-01 1.452315e-03 -1.349782e-01 1.938237e-03 -1.204594e-03 -9.999974e-01 1.381815e-02 9.910662e-01 1.333596e-01 1.760281e-03 -6.685839e-01
1.371093e-01 -9.905412e-01 -5.405546e-03 -1.610201e-01 1.940554e-03 5.725673e-03 -9.999817e-01 -1.357822e-02 9.905540e-01 1.370963e-01 2.707242e-03 -6.896159e-01
1.367246e-01 -9.906020e-01 3.760662e-03 -1.393780e-01 4.211823e-03 -3.214964e-03 -9.999859e-01 2.038080e-03 9.906002e-01 1.367385e-01 3.732676e-03 -7.231297e-01
1.406411e-01 -9.900535e-01 3.761396e-03 -1.551591e-01 4.669504e-03 -3.135802e-03 -9.999842e-01 3.574912e-03 9.900497e-01 1.406564e-01 4.182036e-03 -7.271619e-01
1.432751e-01 -9.896826e-01 7.588209e-04 -1.529022e-01 3.426520e-03 -2.706742e-04 -9.999941e-01 3.862332e-03 9.896770e-01 1.432768e-01 3.352386e-03 -7.659114e-01
1.468267e-01 -9.891617e-01 1.049307e-03 -1.578423e-01 2.890419e-03 -6.317594e-04 -9.999956e-01 5.406667e-03 9.891580e-01 1.468291e-01 2.766332e-03 -7.822033e-01
1.505898e-01 -9.885963e-01 -2.567575e-04 -1.640212e-01 2.725182e-03 6.748366e-04 -9.999961e-01 6.246577e-03 9.885926e-01 1.505885e-01 2.795728e-03 -8.108374e-01
1.529435e-01 -9.882344e-01 1.030468e-03 -1.700303e-01 4.124729e-03 -4.043669e-04 -9.999914e-01 5.522797e-03 9.882264e-01 1.529464e-01 4.014354e-03 -8.324033e-01
1.540902e-01 -9.880555e-01 -1.595909e-03 -1.941092e-01 3.262416e-03 2.123973e-03 -9.999924e-01 1.065342e-02 9.880514e-01 1.540838e-01 3.550732e-03 -8.717539e-01
1.505762e-01 -9.885898e-01 -4.122383e-03 -2.008131e-01 2.132163e-03 4.494670e-03 -9.999876e-01 6.350668e-03 9.885961e-01 1.505655e-01 2.784625e-03 -9.021910e-01
1.492467e-01 -9.887993e-01 -1.111122e-03 -1.972713e-01 2.939581e-03 1.567395e-03 -9.999945e-01 1.115621e-02 9.887956e-01 1.492426e-01 3.140585e-03 -9.247366e-01
1.424355e-01 -9.898040e-01 3.210563e-04 -2.039386e-01 2.528166e-03 3.944744e-05 -9.999968e-01 5.964713e-03 9.898009e-01 1.424358e-01 2.508007e-03 -9.515352e-01
1.374775e-01 -9.905043e-01 -1.096433e-03 -2.206141e-01 1.494571e-03 1.314382e-03 -9.999980e-01 -3.869786e-03 9.905037e-01 1.374756e-01 1.661077e-03 -9.665478e-01
1.347813e-01 -9.908745e-01 -1.285428e-03 -2.277194e-01 2.803327e-03 1.678575e-03 -9.999946e-01 1.301900e-02 9.908714e-01 1.347769e-01 3.003985e-03 -1.005269e+00
1.285097e-01 -9.916966e-01 -4.802054e-03 -2.236019e-01 -1.491764e-04 4.822874e-03 -9.999884e-01 3.806875e-03 9.917082e-01 1.285090e-01 4.718486e-04 -1.022628e+00
1.200024e-01 -9.927713e-01 2.113669e-03 -2.184875e-01 6.117427e-03 -1.389566e-03 -9.999803e-01 7.168867e-03 9.927548e-01 1.200130e-01 5.906455e-03 -1.048843e+00
1.116154e-01 -9.937204e-01 -7.856853e-03 -2.337841e-01 -2.713869e-03 7.601422e-03 -9.999675e-01 2.006246e-03 9.937478e-01 1.116331e-01 -1.848392e-03 -1.059439e+00
9.881911e-02 -9.950793e-01 -7.212203e-03 -2.069326e-01 -2.439304e-03 7.005427e-03 -9.999725e-01 -5.355642e-03 9.951024e-01 9.883398e-02 -1.735031e-03 -1.068398e+00
9.677955e-02 -9.953057e-01 -5.939800e-04 -2.491284e-01 1.980416e-03 7.893479e-04 -9.999977e-01 1.379984e-02 9.953039e-01 9.677815e-02 2.047512e-03 -1.107409e+00
9.233472e-02 -9.957266e-01 1.689283e-03 -2.326580e-01 4.332694e-03 -1.294740e-03 -9.999897e-01 3.435189e-03 9.957186e-01 9.234110e-02 4.194629e-03 -1.130362e+00
8.794323e-02 -9.961252e-01 6.906205e-04 -2.406094e-01 4.056950e-03 -3.351320e-04 -9.999917e-01 1.111048e-02 9.961172e-01 8.794531e-02 4.011758e-03 -1.164037e+00
8.285885e-02 -9.965578e-01 2.654543e-03 -2.237163e-01 3.066929e-03 -2.408692e-03 -9.999924e-01 6.600372e-03 9.965566e-01 8.286636e-02 2.856791e-03 -1.174190e+00
8.109871e-02 -9.967043e-01 -1.875694e-03 -2.444174e-01 3.272049e-03 2.148118e-03 -9.999923e-01 1.095688e-02 9.967007e-01 8.109195e-02 3.435475e-03 -1.207078e+00
8.144654e-02 -9.966702e-01 3.869276e-03 -2.264504e-01 8.383111e-03 -3.196990e-03 -9.999598e-01 -8.186129e-03 9.966425e-01 8.147570e-02 8.094813e-03 -1.217980e+00
8.538251e-02 -9.963483e-01 3.975788e-05 -2.392820e-01 6.326458e-03 5.022458e-04 -9.999799e-01 -8.475235e-03 9.963282e-01 8.538104e-02 6.346238e-03 -1.230416e+00
8.716853e-02 -9.961936e-01 5.971832e-05 -2.358000e-01 5.263435e-03 4.006133e-04 -9.999861e-01 2.444177e-03 9.961797e-01 8.716763e-02 5.278321e-03 -1.258490e+00
9.237175e-02 -9.957241e-01 -9.456573e-04 -2.510594e-01 4.820862e-03 1.396930e-03 -9.999874e-01 -3.608488e-04 9.957129e-01 9.236603e-02 4.929285e-03 -1.276876e+00
9.722657e-02 -9.952619e-01 8.232390e-04 -2.536394e-01 4.793296e-03 -3.588942e-04 -9.999884e-01 5.556512e-03 9.952508e-01 9.722939e-02 4.735691e-03 -1.302233e+00
1.033619e-01 -9.946412e-01 2.275346e-03 -2.593770e-01 5.266231e-03 -1.740309e-03 -9.999846e-01 7.673569e-03 9.946299e-01 1.033723e-01 5.058128e-03 -1.325540e+00
1.098066e-01 -9.939508e-01 2.072658e-03 -2.614886e-01 5.082319e-03 -1.523774e-03 -9.999859e-01 8.365449e-03 9.939400e-01 1.098156e-01 4.884255e-03 -1.351011e+00
1.163012e-01 -9.932140e-01 -2.238092e-04 -2.601252e-01 5.304219e-03 8.464369e-04 -9.999856e-01 -7.606490e-04 9.931998e-01 1.162983e-01 5.366666e-03 -1.392042e+00
1.209528e-01 -9.926580e-01 -7.984937e-04 -2.643905e-01 6.030531e-03 1.539189e-03 -9.999806e-01 3.586801e-03 9.926400e-01 1.209456e-01 6.172424e-03 -1.411163e+00
1.243815e-01 -9.922345e-01 1.318465e-05 -2.610232e-01 7.562600e-03 9.347222e-04 -9.999710e-01 6.538091e-03 9.922056e-01 1.243780e-01 7.620134e-03 -1.444808e+00
1.250291e-01 -9.921460e-01 -3.739253e-03 -2.915589e-01 6.557321e-03 4.595079e-03 -9.999679e-01 1.394918e-02 9.921314e-01 1.250006e-01 7.080338e-03 -1.472913e+00
1.239450e-01 -9.922853e-01 2.737996e-03 -2.707502e-01 5.016017e-03 -2.132698e-03 -9.999852e-01 -6.568539e-03 9.922764e-01 1.239569e-01 4.712983e-03 -1.488823e+00
1.230219e-01 -9.924039e-01 1.427755e-04 -2.940594e-01 6.708707e-03 6.877700e-04 -9.999772e-01 1.050367e-02 9.923813e-01 1.230201e-01 6.742358e-03 -1.506086e+00
1.213153e-01 -9.926139e-01 4.243872e-04 -2.772587e-01 6.047046e-03 3.115206e-04 -9.999816e-01 1.855807e-02 9.925956e-01 1.213156e-01 6.040174e-03 -1.529282e+00
1.249335e-01 -9.921651e-01 9.884201e-05 -2.798870e-01 3.562874e-03 3.490155e-04 -9.999936e-01 4.688622e-03 9.921587e-01 1.249331e-01 3.578563e-03 -1.546908e+00
1.288055e-01 -9.916698e-01 4.582737e-04 -2.715885e-01 4.778257e-03 1.585178e-04 -9.999886e-01 1.582765e-02 9.916584e-01 1.288062e-01 4.758871e-03 -1.557836e+00
1.302575e-01 -9.914782e-01 1.987014e-03 -2.636801e-01 7.731726e-03 -9.882606e-04 -9.999696e-01 1.704185e-02 9.914501e-01 1.302689e-01 7.537109e-03 -1.609247e+00
1.319631e-01 -9.912518e-01 2.358808e-03 -2.787466e-01 6.702905e-03 -1.487227e-03 -9.999765e-01 1.216546e-02 9.912320e-01 1.319758e-01 6.448008e-03 -1.619207e+00
1.346376e-01 -9.908933e-01 1.778664e-03 -2.919770e-01 7.022225e-03 -8.408214e-04 -9.999750e-01 1.390707e-02 9.908700e-01 1.346467e-01 6.845070e-03 -1.650830e+00
1.359110e-01 -9.907197e-01 1.601091e-03 -2.971339e-01 7.007275e-03 -6.547619e-04 -9.999753e-01 8.053448e-03 9.906963e-01 1.359189e-01 6.853256e-03 -1.676320e+00
1.399544e-01 -9.901571e-01 1.310703e-03 -2.934542e-01 6.951352e-03 -3.411568e-04 -9.999758e-01 6.689016e-03 9.901335e-01 1.399602e-01 6.835184e-03 -1.697888e+00
1.473391e-01 -9.890849e-01 1.490248e-03 -3.037372e-01 7.552173e-03 -3.816401e-04 -9.999714e-01 4.000218e-03 9.890572e-01 1.473462e-01 7.413510e-03 -1.721098e+00
1.571619e-01 -9.875692e-01 2.681010e-03 -3.039655e-01 8.038387e-03 -1.435436e-03 -9.999667e-01 4.604144e-03 9.875401e-01 1.571782e-01 7.712868e-03 -1.741751e+00
1.674656e-01 -9.858778e-01 -5.274547e-04 -3.049594e-01 5.404969e-03 1.453114e-03 -9.999843e-01 1.704849e-03 9.858631e-01 1.674601e-01 5.571986e-03 -1.778078e+00
1.773899e-01 -9.841400e-01 1.173570e-03 -3.017395e-01 9.291775e-03 4.823990e-04 -9.999567e-01 5.970575e-03 9.840968e-01 1.773931e-01 9.229979e-03 -1.806532e+00
1.891720e-01 -9.819439e-01 2.625028e-04 -3.242535e-01 6.946083e-03 1.070843e-03 -9.999753e-01 -3.310450e-03 9.819194e-01 1.891691e-01 7.023237e-03 -1.832750e+00
2.002115e-01 -9.797518e-01 -1.327537e-03 -3.402802e-01 5.461850e-03 2.471073e-03 -9.999821e-01 -2.651763e-03 9.797375e-01 2.002007e-01 5.845995e-03 -1.861715e+00
2.078953e-01 -9.781504e-01 1.163221e-03 -3.456077e-01 9.689133e-03 8.701725e-04 -9.999527e-01 -1.008844e-02 9.781031e-01 2.078967e-01 9.658334e-03 -1.924086e+00
2.150961e-01 -9.765922e-01 1.151634e-03 -3.326249e-01 9.308065e-03 8.709313e-04 -9.999563e-01 3.573177e-03 9.765486e-01 2.150974e-01 9.277518e-03 -1.967890e+00
2.275231e-01 -9.737726e-01 -1.917825e-04 -3.443168e-01 7.562654e-03 1.963965e-03 -9.999695e-01 8.693046e-03 9.737433e-01 2.275147e-01 7.811153e-03 -1.991732e+00
2.390211e-01 -9.710137e-01 -1.120782e-03 -3.694654e-01 8.323831e-03 3.203156e-03 -9.999602e-01 -9.117856e-03 9.709787e-01 2.390023e-01 8.848176e-03 -2.013995e+00
2.462508e-01 -9.692060e-01 4.038884e-04 -3.763069e-01 9.462263e-03 1.987421e-03 -9.999533e-01 -7.773499e-03 9.691600e-01 2.462431e-01 9.660286e-03 -2.025418e+00
2.564689e-01 -9.665523e-01 -5.816411e-04 -3.789313e-01 7.042017e-03 2.470309e-03 -9.999722e-01 -8.674053e-03 9.665268e-01 2.564577e-01 7.440035e-03 -2.077612e+00
2.678753e-01 -9.634536e-01 -9.558941e-05 -3.931713e-01 8.673421e-03 2.510740e-03 -9.999592e-01 -1.174384e-02 9.634145e-01 2.678636e-01 9.029004e-03 -2.113473e+00
2.800960e-01 -9.599709e-01 1.444685e-03 -3.992506e-01 1.007919e-02 1.436013e-03 -9.999481e-01 -3.627501e-03 9.599191e-01 2.800961e-01 1.007795e-02 -2.132504e+00
2.926643e-01 -9.562145e-01 1.164713e-03 -4.156645e-01 8.904509e-03 1.507367e-03 -9.999592e-01 -8.768518e-03 9.561738e-01 2.926627e-01 8.955774e-03 -2.184062e+00
3.045808e-01 -9.524863e-01 6.076553e-04 -4.189956e-01 9.252276e-03 2.320703e-03 -9.999545e-01 -5.948583e-03 9.524416e-01 3.045726e-01 9.519508e-03 -2.204870e+00
3.180507e-01 -9.480693e-01 2.886088e-03 -4.208274e-01 1.153649e-02 8.261983e-04 -9.999331e-01 -1.052169e-02 9.480035e-01 3.180628e-01 1.120016e-02 -2.243028e+00
3.316727e-01 -9.433941e-01 8.892618e-04 -4.559390e-01 1.176397e-02 3.193354e-03 -9.999257e-01 -1.316195e-03 9.433212e-01 3.316586e-01 1.215721e-02 -2.265824e+00
3.465093e-01 -9.380328e-01 -5.073215e-03 -4.751148e-01 2.069731e-03 6.172800e-03 -9.999788e-01 1.870755e-03 9.380443e-01 3.464915e-01 4.080409e-03 -2.319246e+00
3.585600e-01 -9.335067e-01 -9.498921e-05 -4.691845e-01 5.968890e-03 2.394404e-03 -9.999793e-01 -6.612701e-03 9.334876e-01 3.585520e-01 6.430536e-03 -2.327770e+00
3.755096e-01 -9.268185e-01 1.760922e-04 -4.815793e-01 6.889372e-03 2.601305e-03 -9.999729e-01 -2.270479e-03 9.267929e-01 3.755006e-01 7.362012e-03 -2.388338e+00
3.875788e-01 -9.218362e-01 -8.010949e-04 -4.912335e-01 5.331694e-03 3.110674e-03 -9.999809e-01 -9.014735e-03 9.218211e-01 3.875672e-01 6.120580e-03 -2.412009e+00
4.022634e-01 -9.155212e-01 2.250211e-03 -5.337260e-01 1.105134e-02 2.398070e-03 -9.999360e-01 -8.599062e-03 9.154573e-01 4.022625e-01 1.108239e-02 -2.487484e+00
4.147079e-01 -9.099522e-01 2.062201e-03 -5.511696e-01 1.000244e-02 2.292428e-03 -9.999474e-01 -9.626110e-03 9.098996e-01 4.147067e-01 1.005244e-02 -2.496025e+00
4.277781e-01 -9.038816e-01 1.972113e-03 -5.673423e-01 1.057551e-02 2.823354e-03 -9.999401e-01 -7.379855e-03 9.038219e-01 4.277734e-01 1.076678e-02 -2.564720e+00
4.399746e-01 -8.980078e-01 2.098293e-03 -5.717384e-01 9.618315e-03 2.375953e-03 -9.999509e-01 -1.891983e-03 8.979587e-01 4.399732e-01 9.682680e-03 -2.600280e+00
4.584791e-01 -8.883891e-01 -2.369982e-02 -5.729938e-01 4.913311e-03 2.920125e-02 -9.995615e-01 6.204466e-03 8.886916e-01 4.581617e-01 1.775310e-02 -2.617754e+00
4.678472e-01 -8.835362e-01 -2.197248e-02 -5.795624e-01 8.847418e-03 2.954183e-02 -9.995244e-01 -2.468553e-02 8.837651e-01 4.674303e-01 2.163807e-02 -2.651808e+00
4.801138e-01 -8.765845e-01 -3.301973e-02 -5.836703e-01 8.071475e-03 4.205490e-02 -9.990827e-01 6.184632e-03 8.771691e-01 4.794069e-01 2.726647e-02 -2.667624e+00
4.918343e-01 -8.699303e-01 -3.633757e-02 -6.159420e-01 4.781332e-03 4.443217e-02 -9.990010e-01 -9.505468e-03 8.706757e-01 4.911692e-01 2.601269e-02 -2.698011e+00
5.021896e-01 -8.645206e-01 -2.024235e-02 -6.255920e-01 2.291770e-02 3.670522e-02 -9.990633e-01 -1.389882e-02 8.644538e-01 5.012553e-01 3.824580e-02 -2.730514e+00
5.120782e-01 -8.588555e-01 -1.196421e-02 -6.423730e-01 2.876695e-02 3.106972e-02 -9.991032e-01 5.022198e-03 8.584570e-01 5.112748e-01 4.061678e-02 -2.788407e+00
5.236672e-01 -8.517146e-01 -1.883885e-02 -6.548019e-01 2.520147e-02 3.759091e-02 -9.989754e-01 -7.285953e-02 8.515501e-01 5.226558e-01 4.114959e-02 -2.825807e+00
5.287580e-01 -8.486459e-01 -1.466377e-02 -6.356590e-01 2.963150e-02 3.572263e-02 -9.989223e-01 -7.415216e-02 8.482552e-01 5.277538e-01 4.403527e-02 -2.853839e+00
5.387117e-01 -8.423705e-01 -1.419712e-02 -6.601824e-01 3.115998e-02 3.676157e-02 -9.988381e-01 -6.562221e-02 8.419137e-01 5.376434e-01 4.605214e-02 -2.890873e+00
5.478596e-01 -8.364307e-01 -1.528088e-02 -6.759654e-01 2.875016e-02 3.708030e-02 -9.988986e-01 -7.668567e-02 8.360761e-01 5.468169e-01 4.436232e-02 -2.910717e+00
5.533066e-01 -8.327677e-01 -1.870177e-02 -6.813217e-01 2.596076e-02 3.968092e-02 -9.988751e-01 -9.471917e-02 8.325730e-01 5.521987e-01 4.357500e-02 -2.955989e+00
5.588931e-01 -8.291358e-01 -1.312224e-02 -6.950421e-01 2.965218e-02 3.579685e-02 -9.989191e-01 -8.395036e-02 8.287094e-01 5.579000e-01 4.459229e-02 -2.979456e+00
5.666170e-01 -8.239030e-01 -1.135613e-02 -7.386910e-01 3.025214e-02 3.457387e-02 -9.989442e-01 -8.027471e-02 8.234258e-01 5.656752e-01 4.451497e-02 -3.002393e+00
5.707794e-01 -8.209875e-01 -1.379482e-02 -7.759333e-01 3.562950e-02 4.154840e-02 -9.985010e-01 -7.577331e-02 8.203300e-01 5.694324e-01 5.296635e-02 -3.024589e+00
5.707420e-01 -8.209636e-01 -1.650372e-02 -8.003249e-01 3.549567e-02 4.474699e-02 -9.983675e-01 -7.501812e-02 8.203619e-01 5.692244e-01 5.467964e-02 -3.071730e+00
5.714951e-01 -8.204802e-01 -1.433723e-02 -8.130805e-01 3.133808e-02 3.928026e-02 -9.987367e-01 -7.912812e-02 8.200068e-01 5.703239e-01 4.816075e-02 -3.113193e+00
5.731979e-01 -8.193077e-01 -1.337954e-02 -8.284976e-01 3.052144e-02 3.766427e-02 -9.988242e-01 -8.310203e-02 8.188484e-01 5.721155e-01 4.659553e-02 -3.142358e+00
5.790333e-01 -8.151790e-01 -1.427208e-02 -8.555377e-01 3.133791e-02 3.974523e-02 -9.987183e-01 -8.452295e-02 8.147014e-01 5.778438e-01 4.855981e-02 -3.155381e+00
5.857189e-01 -8.103456e-01 -1.653468e-02 -8.915322e-01 3.158844e-02 4.320740e-02 -9.985666e-01 -7.872794e-02 8.098985e-01 5.843570e-01 5.090494e-02 -3.150752e+00
5.868651e-01 -8.095241e-01 -1.613024e-02 -8.794640e-01 2.881465e-02 4.078993e-02 -9.987522e-01 -8.281545e-02 8.091719e-01 5.856680e-01 4.726434e-02 -3.193886e+00
5.911433e-01 -8.064407e-01 -1.424481e-02 -8.764451e-01 2.810296e-02 3.824415e-02 -9.988732e-01 -9.738767e-02 8.060768e-01 5.900769e-01 4.527115e-02 -3.217851e+00
5.997604e-01 -8.000117e-01 -1.639538e-02 -9.206527e-01 2.855639e-02 4.187601e-02 -9.987146e-01 -8.487707e-02 7.996700e-01 5.985212e-01 4.796101e-02 -3.239619e+00
6.055159e-01 -7.956449e-01 -1.731166e-02 -9.495860e-01 2.362812e-02 3.971667e-02 -9.989316e-01 -8.985082e-02 7.954824e-01 6.044599e-01 4.284867e-02 -3.286966e+00
6.120070e-01 -7.906049e-01 -1.977798e-02 -9.775759e-01 2.222744e-02 4.219405e-02 -9.988621e-01 -7.740475e-02 7.905399e-01 6.108710e-01 4.339618e-02 -3.307853e+00
6.102753e-01 -7.919334e-01 -2.014149e-02 -9.971756e-01 2.633916e-02 4.569525e-02 -9.986081e-01 -8.434279e-02 7.917514e-01 6.088954e-01 4.874554e-02 -3.358014e+00
6.088910e-01 -7.932369e-01 -5.203316e-03 -9.903430e-01 3.017718e-02 2.971781e-02 -9.991027e-01 -8.108992e-02 7.926797e-01 6.081876e-01 4.203256e-02 -3.396140e+00
6.121989e-01 -7.906543e-01 -8.851684e-03 -1.046666e+00 2.736487e-02 3.237379e-02 -9.991012e-01 -7.727949e-02 7.902302e-01 6.114064e-01 4.145535e-02 -3.416437e+00
6.104438e-01 -7.917847e-01 -2.086445e-02 -1.061407e+00 2.404417e-02 4.485440e-02 -9.987041e-01 -6.701399e-02 7.916945e-01 6.091511e-01 4.641889e-02 -3.437078e+00
6.072021e-01 -7.939304e-01 -3.130753e-02 -1.085539e+00 1.543954e-02 5.118543e-02 -9.985698e-01 -8.582401e-02 7.943975e-01 6.058502e-01 4.333781e-02 -3.472219e+00
5.970505e-01 -8.019121e-01 -2.162616e-02 -1.094804e+00 2.321752e-02 4.422081e-02 -9.987519e-01 -8.532891e-02 8.018676e-01 5.958033e-01 4.502047e-02 -3.509265e+00
5.935535e-01 -8.046981e-01 -1.246266e-02 -1.136781e+00 3.054856e-02 3.800188e-02 -9.988106e-01 -9.237570e-02 8.042145e-01 5.924668e-01 4.713852e-02 -3.547930e+00
5.868490e-01 -8.095450e-01 -1.565821e-02 -1.159291e+00 2.950409e-02 4.070540e-02 -9.987355e-01 -7.876506e-02 8.091587e-01 5.856450e-01 4.777281e-02 -3.566414e+00
5.826809e-01 -8.124799e-01 -1.896074e-02 -1.196855e+00 2.532778e-02 4.147346e-02 -9.988185e-01 -8.038636e-02 8.123063e-01 5.815122e-01 4.474410e-02 -3.596002e+00
5.784857e-01 -8.154616e-01 -1.941124e-02 -1.208624e+00 2.477948e-02 4.135479e-02 -9.988372e-01 -8.548037e-02 8.153161e-01 5.773320e-01 4.412987e-02 -3.603090e+00
5.760813e-01 -8.172774e-01 -1.371495e-02 -1.210437e+00 3.071931e-02 3.841433e-02 -9.987896e-01 -8.899606e-02 8.168150e-01 5.749627e-01 4.723597e-02 -3.631705e+00
5.770426e-01 -8.166834e-01 -7.080729e-03 -1.210552e+00 3.309439e-02 3.204435e-02 -9.989384e-01 -7.792672e-02 8.160433e-01 5.761957e-01 4.551859e-02 -3.655603e+00
5.829463e-01 -8.124342e-01 -1.114881e-02 -1.248886e+00 3.029726e-02 3.544701e-02 -9.989122e-01 -8.394925e-02 8.119456e-01 5.819744e-01 4.527823e-02 -3.635139e+00
5.838962e-01 -8.116806e-01 -1.548735e-02 -1.249786e+00 2.878444e-02 3.976417e-02 -9.987944e-01 -8.129526e-02 8.113179e-01 5.827464e-01 4.658192e-02 -3.663198e+00
5.882115e-01 -8.085485e-01 -1.601827e-02 -1.262223e+00 2.778954e-02 4.000427e-02 -9.988130e-01 -7.944773e-02 8.082295e-01 5.870682e-01 4.600017e-02 -3.701093e+00
5.926012e-01 -8.053204e-01 -1.681917e-02 -1.277879e+00 2.626918e-02 4.019135e-02 -9.988467e-01 -8.078641e-02 8.050675e-01 5.914758e-01 4.497254e-02 -3.733484e+00
5.971640e-01 -8.019454e-01 -1.669661e-02 -1.304913e+00 2.601868e-02 4.017094e-02 -9.988540e-01 -9.340355e-02 8.016971e-01 5.960453e-01 4.485420e-02 -3.766978e+00
6.001989e-01 -7.997161e-01 -1.468111e-02 -1.331895e+00 3.026034e-02 4.104485e-02 -9.986989e-01 -9.183546e-02 7.992782e-01 5.989738e-01 4.883475e-02 -3.779900e+00
6.024219e-01 -7.980767e-01 -1.270480e-02 -1.359845e+00 3.460337e-02 4.201576e-02 -9.985175e-01 -7.676522e-02 7.974274e-01 6.010892e-01 5.292736e-02 -3.802650e+00
6.068646e-01 -7.945856e-01 -1.868545e-02 -1.378383e+00 2.838803e-02 4.516384e-02 -9.985762e-01 -9.602442e-02 7.942982e-01 6.054700e-01 4.996505e-02 -3.825592e+00
6.025822e-01 -7.978303e-01 -1.901057e-02 -1.360299e+00 2.410305e-02 4.200434e-02 -9.988266e-01 -8.246391e-02 7.976927e-01 6.014170e-01 4.454121e-02 -3.876933e+00
6.039704e-01 -7.968937e-01 -1.342661e-02 -1.392233e+00 2.740296e-02 3.759930e-02 -9.989171e-01 -8.332797e-02 7.965355e-01 6.029484e-01 4.454611e-02 -3.889410e+00
6.065307e-01 -7.948937e-01 -1.626590e-02 -1.421568e+00 2.594884e-02 4.023935e-02 -9.988531e-01 -1.028344e-01 7.946365e-01 6.054129e-01 4.503297e-02 -3.912255e+00
6.065885e-01 -7.948347e-01 -1.697829e-02 -1.447806e+00 2.643236e-02 4.150710e-02 -9.987885e-01 -9.477988e-02 7.945765e-01 6.054049e-01 4.618708e-02 -3.942129e+00
6.066034e-01 -7.948465e-01 -1.585283e-02 -1.462839e+00 2.365683e-02 3.797874e-02 -9.989985e-01 -1.012572e-01 7.946525e-01 6.056209e-01 4.184158e-02 -3.966447e+00
6.086561e-01 -7.933059e-01 -1.426646e-02 -1.473510e+00 2.478721e-02 3.698346e-02 -9.990084e-01 -9.368045e-02 7.930468e-01 6.076990e-01 4.217405e-02 -4.002581e+00
6.115222e-01 -7.910928e-01 -1.458649e-02 -1.507990e+00 2.698503e-02 3.927714e-02 -9.988639e-01 -1.043098e-01 7.907670e-01 6.104338e-01 4.536651e-02 -4.021361e+00
6.176803e-01 -7.862325e-01 -1.759269e-02 -1.563388e+00 2.770816e-02 4.411366e-02 -9.986422e-01 -9.905736e-02 7.859410e-01 6.163542e-01 4.903320e-02 -4.044648e+00
6.183434e-01 -7.857667e-01 -1.490467e-02 -1.560574e+00 2.452199e-02 3.824582e-02 -9.989674e-01 -1.090803e-01 7.855253e-01 6.173395e-01 4.291762e-02 -4.103082e+00
6.252615e-01 -7.802524e-01 -1.594540e-02 -1.584781e+00 2.464446e-02 4.016255e-02 -9.988892e-01 -8.961287e-02 7.800261e-01 6.241740e-01 4.434099e-02 -4.119831e+00
6.243525e-01 -7.809283e-01 -1.830130e-02 -1.604657e+00 2.477377e-02 4.321286e-02 -9.987587e-01 -9.718050e-02 7.807498e-01 6.231241e-01 4.632659e-02 -4.151052e+00
6.295180e-01 -7.766730e-01 -2.205141e-02 -1.653338e+00 2.056097e-02 4.502266e-02 -9.987743e-01 -8.216663e-02 7.767138e-01 6.282930e-01 4.431172e-02 -4.140837e+00
6.253888e-01 -7.801970e-01 -1.347205e-02 -1.648912e+00 2.686641e-02 3.878379e-02 -9.988864e-01 -9.957416e-02 7.798507e-01 6.243304e-01 4.521604e-02 -4.180482e+00
6.261926e-01 -7.795401e-01 -1.414145e-02 -1.693994e+00 2.691799e-02 3.974265e-02 -9.988473e-01 -1.038138e-01 7.792036e-01 6.250902e-01 4.587021e-02 -4.220512e+00
6.234739e-01 -7.817679e-01 -1.091522e-02 -1.703733e+00 3.494526e-02 4.181096e-02 -9.985142e-01 -9.915335e-02 7.810628e-01 6.221662e-01 5.338712e-02 -4.258456e+00
6.242649e-01 -7.809076e-01 -2.183392e-02 -1.736304e+00 2.876853e-02 5.090966e-02 -9.982888e-01 -1.135013e-01 7.806829e-01 6.225685e-01 5.424668e-02 -4.284415e+00
6.241986e-01 -7.808212e-01 -2.635009e-02 -1.720896e+00 2.129684e-02 5.072051e-02 -9.984858e-01 -1.052161e-01 7.809753e-01 6.226923e-01 4.828869e-02 -4.303381e+00
6.238101e-01 -7.812521e-01 -2.249759e-02 -1.708347e+00 2.522557e-02 4.889520e-02 -9.984853e-01 -1.058207e-01 7.811688e-01 6.222976e-01 5.020885e-02 -4.319083e+00
6.269205e-01 -7.790506e-01 -7.130858e-03 -1.749332e+00 3.480608e-02 3.715068e-02 -9.987034e-01 -9.121282e-02 7.783053e-01 6.258594e-01 5.040621e-02 -4.355975e+00
6.295288e-01 -7.769012e-01 -1.086140e-02 -1.785967e+00 3.245100e-02 4.025699e-02 -9.986622e-01 -9.099866e-02 7.762992e-01 6.283342e-01 5.055415e-02 -4.353247e+00
6.322706e-01 -7.745808e-01 -1.607824e-02 -1.840124e+00 2.937270e-02 4.470383e-02 -9.985684e-01 -9.841544e-02 7.741906e-01 6.308932e-01 5.101645e-02 -4.366622e+00
6.310868e-01 -7.755498e-01 -1.587259e-02 -1.869634e+00 2.927546e-02 4.425968e-02 -9.985910e-01 -1.099216e-01 7.751595e-01 6.297330e-01 5.063628e-02 -4.403747e+00
6.290093e-01 -7.772709e-01 -1.404431e-02 -1.885541e+00 2.799942e-02 4.070532e-02 -9.987788e-01 -1.024892e-01 7.768934e-01 6.278480e-01 4.736716e-02 -4.432852e+00
6.259720e-01 -7.797694e-01 -1.089535e-02 -1.909125e+00 2.992328e-02 3.797757e-02 -9.988304e-01 -1.013784e-01 7.792712e-01 6.249139e-01 4.710615e-02 -4.464354e+00
6.226153e-01 -7.824275e-01 -1.254799e-02 -1.903064e+00 3.097899e-02 4.066776e-02 -9.986923e-01 -1.044128e-01 7.819147e-01 6.214124e-01 4.955919e-02 -4.474363e+00
6.232072e-01 -7.819350e-01 -1.380054e-02 -1.926696e+00 3.636418e-02 4.660084e-02 -9.982515e-01 -9.808093e-02 7.812110e-01 6.216156e-01 5.747640e-02 -4.505095e+00
